-5.424023e-02 
-5.304814e-02 
-5.364419e-02 
-5.543233e-02 
-5.364419e-02 
-5.424023e-02 
-5.304814e-02 
-5.304814e-02 
-5.364419e-02 
-5.304814e-02 
-5.424023e-02 
-5.543233e-02 
-5.483628e-02 
-5.483628e-02 
-5.364419e-02 
-5.245209e-02 
-5.364419e-02 
-5.543233e-02 
-5.364419e-02 
-5.364419e-02 
-5.543233e-02 
-5.483628e-02 
-5.364419e-02 
-5.483628e-02 
-5.364419e-02 
-5.602837e-02 
-5.543233e-02 
-5.483628e-02 
-5.364419e-02 
-5.602837e-02 
-5.364419e-02 
-5.304814e-02 
-5.304814e-02 
-5.304814e-02 
-5.424023e-02 
-5.304814e-02 
-5.483628e-02 
-5.424023e-02 
-5.364419e-02 
-5.245209e-02 
-5.364419e-02 
-5.483628e-02 
-5.424023e-02 
-5.602837e-02 
-5.662442e-02 
-5.483628e-02 
-5.304814e-02 
-5.543233e-02 
-5.424023e-02 
-5.424023e-02 
-5.364419e-02 
-5.543233e-02 
-5.304814e-02 
-5.364419e-02 
-5.304814e-02 
-5.364419e-02 
-5.364419e-02 
-5.364419e-02 
-5.543233e-02 
-5.543233e-02 
-5.424023e-02 
-5.364419e-02 
-5.424023e-02 
-5.364419e-02 
-5.364419e-02 
-5.483628e-02 
-5.245209e-02 
-5.245209e-02 
-5.364419e-02 
-5.364419e-02 
-5.364419e-02 
-5.424023e-02 
-5.424023e-02 
-5.483628e-02 
-5.424023e-02 
-5.304814e-02 
-5.483628e-02 
-5.185605e-02 
-5.304814e-02 
-5.424023e-02 
-5.126000e-02 
-5.424023e-02 
-5.483628e-02 
-5.364419e-02 
-5.483628e-02 
-5.543233e-02 
-5.364419e-02 
-5.483628e-02 
-5.304814e-02 
-5.304814e-02 
-5.364419e-02 
-5.424023e-02 
-5.304814e-02 
-5.424023e-02 
-5.364419e-02 
-5.364419e-02 
-5.424023e-02 
-5.483628e-02 
                  -1.424551e-01 
                  -1.406670e-01 
                  -1.424551e-01 
                  -1.424551e-01 
                  -1.412630e-01 
                  -1.412630e-01 
                  -1.418591e-01 
                  -1.430512e-01 
                  -1.424551e-01 
                  -1.406670e-01 
                  -1.424551e-01 
                  -1.412630e-01 
                  -1.406670e-01 
                  -1.436472e-01 
                  -1.406670e-01 
                  -1.412630e-01 
                  -1.436472e-01 
                  -1.430512e-01 
                  -1.436472e-01 
                  -1.412630e-01 
                  -1.412630e-01 
                  -1.424551e-01 
                  -1.436472e-01 
                  -1.424551e-01 
                  -1.436472e-01 
                  -1.430512e-01 
                  -1.412630e-01 
                  -1.430512e-01 
                  -1.412630e-01 
                  -1.400709e-01 
                  -1.412630e-01 
                  -1.412630e-01 
                  -1.430512e-01 
                  -1.424551e-01 
                  -1.430512e-01 
                  -1.406670e-01 
                  -1.412630e-01 
                  -1.400709e-01 
                  -1.430512e-01 
                  -1.418591e-01 
                  -1.424551e-01 
                  -1.430512e-01 
                  -1.418591e-01 
                  -1.436472e-01 
                  -1.436472e-01 
                  -1.424551e-01 
                  -1.412630e-01 
                  -1.412630e-01 
                  -1.418591e-01 
                  -1.436472e-01 
                  -1.424551e-01 
                  -1.424551e-01 
                  -1.424551e-01 
                  -1.430512e-01 
                  -1.418591e-01 
                  -1.412630e-01 
                  -1.418591e-01 
                  -1.448393e-01 
                  -1.424551e-01 
                  -1.424551e-01 
                  -1.424551e-01 
                  -1.406670e-01 
                  -1.400709e-01 
                  -1.412630e-01 
                  -1.406670e-01 
                  -1.394749e-01 
                  -1.430512e-01 
                  -1.418591e-01 
                  -1.412630e-01 
                  -1.424551e-01 
                  -1.436472e-01 
                  -1.418591e-01 
                  -1.418591e-01 
                  -1.412630e-01 
                  -1.418591e-01 
                  -1.412630e-01 
                  -1.442433e-01 
                  -1.424551e-01 
                  -1.406670e-01 
                  -1.436472e-01 
                  -1.442433e-01 
                  -1.424551e-01 
                  -1.430512e-01 
                  -1.430512e-01 
                  -1.406670e-01 
                  -1.418591e-01 
                  -1.436472e-01 
                  -1.424551e-01 
                  -1.418591e-01 
                  -1.424551e-01 
                  -1.424551e-01 
                  -1.436472e-01 
                  -1.424551e-01 
                  -1.430512e-01 
                  -1.406670e-01 
                  -1.418591e-01 
                  -1.424551e-01 
                  -1.406670e-01 
-5.424023e-02 
-5.424023e-02 
-5.483628e-02 
-5.602837e-02 
                  -1.424551e-01 
                  -1.418591e-01 
                  -1.418591e-01 
                  -1.412630e-01 
-5.424023e-02 
-5.364419e-02 
-5.483628e-02 
-5.483628e-02 
-5.364419e-02 
-5.364419e-02 
-5.424023e-02 
                  -1.412630e-01 
                  -1.406670e-01 
                  -1.418591e-01 
                  -1.424551e-01 
                  -1.442433e-01 
                  -1.424551e-01 
                  -1.424551e-01 
-5.245209e-02 
-5.245209e-02 
-5.126000e-02 
-5.364419e-02 
                  -1.412630e-01 
                  -1.436472e-01 
                  -1.424551e-01 
                  -1.436472e-01 
-5.424023e-02 
-5.304814e-02 
-5.364419e-02 
-5.483628e-02 
-5.483628e-02 
-5.185605e-02 
                  -1.418591e-01 
                  -1.424551e-01 
                  -1.424551e-01 
                  -1.424551e-01 
                  -1.424551e-01 
                  -1.430512e-01 
-5.245209e-02 
-5.185605e-02 
-5.304814e-02 
-5.185605e-02 
-5.245209e-02 
                  -1.436472e-01 
                  -1.436472e-01 
                  -1.424551e-01 
                  -1.418591e-01 
                  -1.442433e-01 
-5.364419e-02 
-5.245209e-02 
-5.304814e-02 
-5.304814e-02 
-5.424023e-02 
-5.245209e-02 
                  -1.412630e-01 
                  -1.424551e-01 
                  -1.436472e-01 
                  -1.430512e-01 
                  -1.436472e-01 
                  -1.418591e-01 
-5.304814e-02 
-5.364419e-02 
-5.424023e-02 
-5.424023e-02 
-5.245209e-02 
                  -1.424551e-01 
                  -1.442433e-01 
                  -1.424551e-01 
                  -1.424551e-01 
                  -1.424551e-01 
-5.304814e-02 
-5.364419e-02 
-5.364419e-02 
-5.364419e-02 
-5.364419e-02 
-5.424023e-02 
                  -1.436472e-01 
                  -1.418591e-01 
                  -1.424551e-01 
                  -1.424551e-01 
                  -1.430512e-01 
                  -1.424551e-01 
-5.185605e-02 
-5.364419e-02 
-5.424023e-02 
-5.304814e-02 
-5.424023e-02 
-5.245209e-02 
                  -1.412630e-01 
                  -1.412630e-01 
                  -1.430512e-01 
                  -1.448393e-01 
                  -1.430512e-01 
                  -1.430512e-01 
-5.245209e-02 
-5.304814e-02 
-5.424023e-02 
-5.424023e-02 
-5.424023e-02 
                  -1.412630e-01 
                  -1.436472e-01 
                  -1.424551e-01 
                  -1.430512e-01 
                  -1.418591e-01 
-5.424023e-02 
-5.304814e-02 
-5.364419e-02 
-5.185605e-02 
-5.185605e-02 
                  -1.418591e-01 
                  -1.424551e-01 
                  -1.418591e-01 
                  -1.406670e-01 
                  -1.424551e-01 
-5.364419e-02 
-5.245209e-02 
-5.424023e-02 
-5.424023e-02 
-5.364419e-02 
                  -1.430512e-01 
                  -1.424551e-01 
                  -1.418591e-01 
                  -1.430512e-01 
                  -1.424551e-01 
-5.185605e-02 
-5.424023e-02 
-5.424023e-02 
-5.424023e-02 
-5.185605e-02 
                  -1.424551e-01 
                  -1.424551e-01 
                  -1.430512e-01 
                  -1.442433e-01 
                  -1.430512e-01 
-5.304814e-02 
-5.304814e-02 
-5.364419e-02 
-5.245209e-02 
-5.245209e-02 
                  -1.418591e-01 
                  -1.412630e-01 
                  -1.412630e-01 
                  -1.424551e-01 
                  -1.424551e-01 
-5.364419e-02 
-5.364419e-02 
-5.424023e-02 
-5.364419e-02 
-5.364419e-02 
-5.185605e-02 
-5.245209e-02 
                  -1.430512e-01 
                  -1.430512e-01 
                  -1.424551e-01 
                  -1.430512e-01 
                  -1.430512e-01 
                  -1.418591e-01 
                  -1.424551e-01 
-5.304814e-02 
-5.304814e-02 
-5.304814e-02 
-5.304814e-02 
-5.245209e-02 
-5.304814e-02 
                  -1.436472e-01 
                  -1.412630e-01 
                  -1.418591e-01 
                  -1.436472e-01 
                  -1.418591e-01 
                  -1.418591e-01 
-5.304814e-02 
-5.543233e-02 
-5.304814e-02 
-5.185605e-02 
-5.304814e-02 
-5.304814e-02 
                  -1.430512e-01 
                  -1.430512e-01 
                  -1.424551e-01 
                  -1.430512e-01 
                  -1.412630e-01 
                  -1.430512e-01 
-5.245209e-02 
-5.424023e-02 
-5.364419e-02 
-5.364419e-02 
-5.364419e-02 
-5.424023e-02 
                  -1.430512e-01 
                  -1.436472e-01 
                  -1.430512e-01 
                  -1.436472e-01 
                  -1.430512e-01 
                  -1.424551e-01 
-5.364419e-02 
-5.245209e-02 
-5.126000e-02 
-5.245209e-02 
-5.364419e-02 
-5.424023e-02 
                  -1.430512e-01 
                  -1.418591e-01 
                  -1.418591e-01 
                  -1.436472e-01 
                  -1.430512e-01 
                  -1.430512e-01 
-5.364419e-02 
-5.304814e-02 
-5.483628e-02 
-5.424023e-02 
-5.424023e-02 
-5.364419e-02 
                  -1.430512e-01 
                  -1.418591e-01 
                  -1.424551e-01 
                  -1.436472e-01 
                  -1.436472e-01 
                  -1.436472e-01 
-5.424023e-02 
-5.304814e-02 
-5.185605e-02 
-5.364419e-02 
-5.304814e-02 
-5.126000e-02 
-5.066395e-02 
                  -1.454354e-01 
                  -1.424551e-01 
                  -1.412630e-01 
                  -1.430512e-01 
                  -1.436472e-01 
                  -1.418591e-01 
                  -1.436472e-01 
-5.364419e-02 
-5.424023e-02 
-5.364419e-02 
-5.424023e-02 
-5.364419e-02 
                  -1.424551e-01 
                  -1.436472e-01 
                  -1.442433e-01 
                  -1.430512e-01 
                  -1.430512e-01 
-5.304814e-02 
-5.364419e-02 
-5.364419e-02 
-5.304814e-02 
-5.364419e-02 
-5.424023e-02 
                  -1.412630e-01 
                  -1.430512e-01 
                  -1.430512e-01 
                  -1.418591e-01 
                  -1.430512e-01 
                  -1.436472e-01 
-5.364419e-02 
-5.304814e-02 
-5.304814e-02 
-5.364419e-02 
-5.364419e-02 
-5.364419e-02 
                  -1.418591e-01 
                  -1.430512e-01 
                  -1.442433e-01 
                  -1.436472e-01 
                  -1.442433e-01 
                  -1.430512e-01 
-5.364419e-02 
-5.364419e-02 
-5.483628e-02 
-5.245209e-02 
-5.245209e-02 
-5.364419e-02 
                  -1.430512e-01 
                  -1.430512e-01 
                  -1.418591e-01 
                  -1.436472e-01 
                  -1.424551e-01 
                  -1.430512e-01 
-5.364419e-02 
-5.364419e-02 
-5.304814e-02 
-5.304814e-02 
-5.245209e-02 
-6.079674e-02 
                  -1.412630e-01 
                  -1.430512e-01 
                  -1.424551e-01 
                  -1.424551e-01 
                  -1.430512e-01 
                  -1.519919e-01 
-1.448393e-01 
-3.916026e-01 
-5.918742e-01 
-6.848575e-01 
-7.075072e-01 
-6.622077e-01 
                  -2.264977e-01 
                  -4.273654e-01 
                  -5.841256e-01 
                  -6.663800e-01 
                  -6.955863e-01 
                  -6.687642e-01 
-5.799533e-01 
-4.881621e-01 
-4.106761e-01 
-3.576279e-01 
-3.278256e-01 
-3.069640e-01 
-3.176928e-01 
                  -6.103516e-01 
                  -5.382300e-01 
                  -4.822016e-01 
                  -4.398823e-01 
                  -4.124642e-01 
                  -3.939867e-01 
                  -4.220009e-01 
-6.954075e+00 
-3.358484e+01 
-3.919602e+01 
-3.912867e+01 
-3.899754e+01 
-3.903270e+01 
-3.896893e+01 
                  -6.071330e+00 
                  -2.796173e+01 
                  -3.315986e+01 
                  -3.328026e+01 
                  -3.316760e+01 
                  -3.318429e+01 
                  -3.313423e+01 
-3.898442e+01 
-3.908813e+01 
-3.919006e+01 
-3.909708e+01 
-3.914834e+01 
                  -3.313899e+01 
                  -3.322483e+01 
                  -3.330172e+01 
                  -3.323198e+01 
                  -3.326595e+01 
-3.902853e+01 
-3.899158e+01 
-3.925205e+01 
-3.940821e+01 
-3.928721e+01 
-3.928423e+01 
                  -3.317833e+01 
                  -3.314734e+01 
                  -3.334880e+01 
                  -3.347397e+01 
                  -3.338159e+01 
                  -3.337622e+01 
-3.926814e+01 
-3.900409e+01 
-3.910482e+01 
-3.928125e+01 
-3.923297e+01 
-3.933788e+01 
-3.938020e+01 
                  -3.336430e+01 
                  -3.315032e+01 
                  -3.323794e+01 
                  -3.336847e+01 
                  -3.334701e+01 
                  -3.342987e+01 
                  -3.346801e+01 
-3.936351e+01 
-3.935099e+01 
-3.953040e+01 
-3.941119e+01 
-3.929258e+01 
                  -3.344655e+01 
                  -3.344417e+01 
                  -3.360212e+01 
                  -3.350020e+01 
                  -3.339529e+01 
-3.928841e+01 
-3.923476e+01 
-3.924966e+01 
-3.949523e+01 
-3.949345e+01 
-3.951431e+01 
                  -3.338576e+01 
                  -3.334999e+01 
                  -3.335953e+01 
                  -3.355802e+01 
                  -3.357172e+01 
                  -3.358901e+01 
-3.946126e+01 
-3.932834e+01 
-3.941298e+01 
-3.959477e+01 
-3.951252e+01 
                  -3.354669e+01 
                  -3.342569e+01 
                  -3.349960e+01 
                  -3.366232e+01 
                  -3.359557e+01 
-3.948689e+01 
-3.939689e+01 
-3.940106e+01 
-3.928423e+01 
-3.955424e+01 
-3.954590e+01 
                  -3.357649e+01 
                  -3.349424e+01 
                  -3.349424e+01 
                  -3.340662e+01 
                  -3.361702e+01 
                  -3.362298e+01 
-3.947676e+01 
-3.951550e+01 
-3.945232e+01 
-3.946424e+01 
-3.965736e+01 
-3.956378e+01 
                  -3.356755e+01 
                  -3.359497e+01 
                  -3.354252e+01 
                  -3.356457e+01 
                  -3.371358e+01 
                  -3.364325e+01 
-3.949285e+01 
-3.942967e+01 
-3.946722e+01 
-3.934563e+01 
-3.930927e+01 
-3.953338e+01 
                  -3.358901e+01 
                  -3.354371e+01 
                  -3.356159e+01 
                  -3.346205e+01 
                  -3.342987e+01 
                  -3.361583e+01 
-3.960073e+01 
-3.953815e+01 
-3.945709e+01 
-3.956497e+01 
-3.948153e+01 
-3.938854e+01 
                  -3.368140e+01 
                  -3.364087e+01 
                  -3.356815e+01 
                  -3.364265e+01 
                  -3.358961e+01 
                  -3.351689e+01 
-3.950596e+01 
-3.947258e+01 
-3.930152e+01 
-3.932357e+01 
-3.947318e+01 
-3.928781e+01 
                  -3.360451e+01 
                  -3.358484e+01 
                  -3.344357e+01 
                  -3.346503e+01 
                  -3.357828e+01 
                  -3.343702e+01 
-3.952265e+01 
-3.960908e+01 
-3.938616e+01 
-3.934682e+01 
-3.942550e+01 
                  -3.362358e+01 
                  -3.370345e+01 
                  -3.352344e+01 
                  -3.349126e+01 
                  -3.354729e+01 
-3.943980e+01 
-3.936470e+01 
-3.943563e+01 
-3.939987e+01 
-3.916443e+01 
                  -3.356159e+01 
                  -3.350616e+01 
                  -3.355563e+01 
                  -3.353954e+01 
                  -3.333986e+01 
-3.926218e+01 
-3.929317e+01 
-3.954530e+01 
-3.945292e+01 
-3.929079e+01 
-3.930510e+01 
                  -3.342033e+01 
                  -3.344179e+01 
                  -3.365219e+01 
                  -3.357768e+01 
                  -3.345013e+01 
                  -3.346026e+01 
-3.933907e+01 
-3.924191e+01 
-3.938199e+01 
-3.942729e+01 
-3.920377e+01 
-3.915906e+01 
                  -3.348351e+01 
                  -3.340424e+01 
                  -3.351927e+01 
                  -3.356636e+01 
                  -3.337324e+01 
                  -3.333629e+01 
-3.926933e+01 
-3.918827e+01 
-3.921986e+01 
-3.935159e+01 
-3.934861e+01 
-3.922403e+01 
                  -3.342390e+01 
                  -3.336728e+01 
                  -3.338814e+01 
                  -3.350437e+01 
                  -3.350735e+01 
                  -3.339768e+01 
-3.934563e+01 
-3.930450e+01 
-3.912032e+01 
-3.925860e+01 
-3.911317e+01 
-3.908158e+01 
-3.907443e+01 
                  -3.349603e+01 
                  -3.346622e+01 
                  -3.331542e+01 
                  -3.342748e+01 
                  -3.331066e+01 
                  -3.327907e+01 
                  -3.328085e+01 
-3.912867e+01 
-3.936649e+01 
-3.939331e+01 
-3.916324e+01 
-3.912926e+01 
-3.921628e+01 
                  -3.331840e+01 
                  -3.351748e+01 
                  -3.354192e+01 
                  -3.335596e+01 
                  -3.331304e+01 
                  -3.338576e+01 
-3.916562e+01 
-3.901601e+01 
-3.921271e+01 
-3.914655e+01 
-3.900052e+01 
-3.916085e+01 
-3.915906e+01 
                  -3.335476e+01 
                  -3.322423e+01 
                  -3.337801e+01 
                  -3.334165e+01 
                  -3.321886e+01 
                  -3.335655e+01 
                  -3.334999e+01 
-3.909350e+01 
-3.916383e+01 
-3.916085e+01 
-3.908992e+01 
-3.917039e+01 
-3.914714e+01 
                  -3.330172e+01 
                  -3.335596e+01 
                  -3.334999e+01 
                  -3.329814e+01 
                  -3.335774e+01 
                  -3.334165e+01 
-3.911734e+01 
-3.906966e+01 
-3.910542e+01 
-3.900350e+01 
-3.897667e+01 
-3.894568e+01 
-3.900111e+01 
                  -3.332258e+01 
                  -3.327907e+01 
                  -3.330112e+01 
                  -3.322184e+01 
                  -3.318727e+01 
                  -3.316403e+01 
                  -3.321767e+01 
-3.928781e+01 
-3.916800e+01 
-3.907264e+01 
-3.916860e+01 
-3.902555e+01 
-3.880859e+01 
-3.903330e+01 
-3.908277e+01 
                  -3.345371e+01 
                  -3.335715e+01 
                  -3.328324e+01 
                  -3.336549e+01 
                  -3.324807e+01 
                  -3.306389e+01 
                  -3.324211e+01 
                  -3.329397e+01 
-3.898085e+01 
-3.897489e+01 
-3.899813e+01 
-3.884852e+01 
-3.899992e+01 
-3.923297e+01 
                  -3.319562e+01 
                  -3.319443e+01 
                  -3.322483e+01 
                  -3.310085e+01 
                  -3.321767e+01 
                  -3.341258e+01 
-3.913463e+01 
-3.899336e+01 
-3.901303e+01 
-3.887177e+01 
-3.891886e+01 
-3.892243e+01 
                  -3.332973e+01 
                  -3.321410e+01 
                  -3.323257e+01 
                  -3.312648e+01 
                  -3.315628e+01 
                  -3.315986e+01 
-3.910423e+01 
-3.885627e+01 
-3.877521e+01 
-3.902436e+01 
-3.906966e+01 
-3.902495e+01 
                  -3.330529e+01 
                  -3.310621e+01 
                  -3.303826e+01 
                  -3.324211e+01 
                  -3.328622e+01 
                  -3.324807e+01 
-3.899932e+01 
-3.899932e+01 
-3.896118e+01 
-3.880263e+01 
-3.892184e+01 
-3.889502e+01 
                  -3.323317e+01 
                  -3.322483e+01 
                  -3.318966e+01 
                  -3.306091e+01 
                  -3.315509e+01 
                  -3.314257e+01 
-3.886700e+01 
-3.899217e+01 
-3.891170e+01 
-3.884256e+01 
-3.891111e+01 
-3.896595e+01 
-3.900946e+01 
                  -3.311873e+01 
                  -3.321767e+01 
                  -3.315688e+01 
                  -3.309608e+01 
                  -3.314794e+01 
                  -3.320277e+01 
                  -3.323257e+01 
-3.893555e+01 
-3.897787e+01 
-3.883839e+01 
-3.881991e+01 
-3.879786e+01 
                  -3.317655e+01 
                  -3.320396e+01 
                  -3.309608e+01 
                  -3.307283e+01 
                  -3.305912e+01 
-3.890038e+01 
-3.884912e+01 
-3.877879e+01 
-3.879190e+01 
-3.896714e+01 
-3.893018e+01 
-3.893495e+01 
                  -3.313780e+01 
                  -3.309608e+01 
                  -3.303945e+01 
                  -3.305257e+01 
                  -3.320039e+01 
                  -3.317416e+01 
                  -3.317774e+01 
-3.902376e+01 
-3.895224e+01 
-3.865004e+01 
-3.861666e+01 
-3.876627e+01 
                  -3.324807e+01 
                  -3.319562e+01 
                  -3.294588e+01 
                  -3.291011e+01 
                  -3.302813e+01 
-3.883481e+01 
-3.888250e+01 
-3.894389e+01 
-3.874958e+01 
-3.883481e+01 
-3.880144e+01 
                  -3.308952e+01 
                  -3.314138e+01 
                  -3.319860e+01 
                  -3.302217e+01 
                  -3.308654e+01 
                  -3.306091e+01 
-3.889025e+01 
-3.884554e+01 
-3.883780e+01 
-3.879607e+01 
-3.872931e+01 
-3.875077e+01 
-3.877461e+01 
                  -3.313959e+01 
                  -3.311277e+01 
                  -3.309846e+01 
                  -3.306985e+01 
                  -3.301084e+01 
                  -3.301919e+01 
                  -3.304720e+01 
-3.882289e+01 
-3.878236e+01 
-3.863395e+01 
-3.875137e+01 
-3.885627e+01 
                  -3.308595e+01 
                  -3.305436e+01 
                  -3.292799e+01 
                  -3.301859e+01 
                  -3.311098e+01 
-3.880501e+01 
-3.894210e+01 
-3.890932e+01 
-3.864110e+01 
-3.857553e+01 
-3.866256e+01 
                  -3.306389e+01 
                  -3.317953e+01 
                  -3.315509e+01 
                  -3.294349e+01 
                  -3.287137e+01 
                  -3.295124e+01 
-3.871322e+01 
-3.877998e+01 
-3.877342e+01 
-3.869892e+01 
-3.872812e+01 
-3.885091e+01 
-3.871561e+01 
                  -3.300250e+01 
                  -3.305316e+01 
                  -3.304780e+01 
                  -3.298462e+01 
                  -3.300786e+01 
                  -3.310860e+01 
                  -3.300190e+01 
-3.881455e+01 
-3.886819e+01 
-3.858150e+01 
-3.858984e+01 
-3.873766e+01 
-3.854931e+01 
                  -3.307879e+01 
                  -3.312767e+01 
                  -3.289223e+01 
                  -3.289342e+01 
                  -3.300608e+01 
                  -3.286720e+01 
-3.871322e+01 
-3.878713e+01 
-3.863097e+01 
-3.871978e+01 
-3.883005e+01 
-3.866613e+01 
-3.866673e+01 
                  -3.299237e+01 
                  -3.306270e+01 
                  -3.293693e+01 
                  -3.300488e+01 
                  -3.308654e+01 
                  -3.296614e+01 
                  -3.296197e+01 
-3.886521e+01 
-3.864348e+01 
-3.847898e+01 
-3.866077e+01 
-3.859699e+01 
                  -3.312231e+01 
                  -3.295005e+01 
                  -3.281296e+01 
                  -3.295243e+01 
                  -3.290654e+01 
-3.860593e+01 
-3.870666e+01 
-3.873945e+01 
-3.870965e+01 
-3.870190e+01 
-3.851951e+01 
                  -3.291786e+01 
                  -3.299475e+01 
                  -3.302277e+01 
                  -3.299356e+01 
                  -3.299117e+01 
                  -3.284932e+01 
-3.867329e+01 
-3.880084e+01 
-3.871143e+01 
-3.860116e+01 
-3.863812e+01 
-3.843487e+01 
                  -3.295601e+01 
                  -3.306628e+01 
                  -3.300310e+01 
                  -3.290534e+01 
                  -3.294409e+01 
                  -3.277004e+01 
-3.849268e+01 
-3.869176e+01 
-3.872395e+01 
-3.848851e+01 
                  -3.281653e+01 
                  -3.298402e+01 
                  -3.300488e+01 
                  -3.281117e+01 
-3.874422e+01 
-3.873468e+01 
-3.865242e+01 
-3.865302e+01 
-3.880859e+01 
-3.836096e+01 
-3.842473e+01 
                  -3.302396e+01 
                  -3.301979e+01 
                  -3.295422e+01 
                  -3.295541e+01 
                  -3.307760e+01 
                  -3.271819e+01 
                  -3.275514e+01 
-3.847301e+01 
-3.852308e+01 
-3.867150e+01 
-3.876091e+01 
-3.869594e+01 
-3.865481e+01 
                  -3.280759e+01 
                  -3.284693e+01 
                  -3.296554e+01 
                  -3.303767e+01 
                  -3.299892e+01 
                  -3.296137e+01 
-3.843427e+01 
-3.862799e+01 
-3.856302e+01 
-3.863454e+01 
-3.849924e+01 
                  -3.277183e+01 
                  -3.292919e+01 
                  -3.288091e+01 
                  -3.294588e+01 
                  -3.282309e+01 
-3.853918e+01 
-3.849745e+01 
-3.846467e+01 
-3.868998e+01 
-3.853679e+01 
-3.840566e+01 
                  -3.285468e+01 
                  -3.282369e+01 
                  -3.280461e+01 
                  -3.297866e+01 
                  -3.286004e+01 
                  -3.274799e+01 
-3.866375e+01 
-3.862679e+01 
-3.858805e+01 
-3.860832e+01 
-3.864348e+01 
-3.845454e+01 
                  -3.295482e+01 
                  -3.293991e+01 
                  -3.290952e+01 
                  -3.291905e+01 
                  -3.294826e+01 
                  -3.279329e+01 
-3.841460e+01 
-3.843010e+01 
-3.841520e+01 
-3.851057e+01 
-3.857613e+01 
                  -3.275097e+01 
                  -3.276647e+01 
                  -3.275335e+01 
                  -3.283143e+01 
                  -3.289104e+01 
-3.867150e+01 
-3.860534e+01 
-3.857434e+01 
-3.854812e+01 
-3.850162e+01 
-3.847063e+01 
                  -3.296316e+01 
                  -3.292561e+01 
                  -3.288985e+01 
                  -3.287137e+01 
                  -3.282965e+01 
                  -3.279925e+01 
-3.846348e+01 
-3.854037e+01 
-3.840268e+01 
-3.841401e+01 
-3.849924e+01 
-3.853858e+01 
                  -3.279806e+01 
                  -3.285945e+01 
                  -3.274739e+01 
                  -3.275693e+01 
                  -3.283024e+01 
                  -3.285766e+01 
-3.852189e+01 
-3.860772e+01 
-3.864527e+01 
-3.838659e+01 
-3.837169e+01 
                  -3.284812e+01 
                  -3.291548e+01 
                  -3.294528e+01 
                  -3.273487e+01 
                  -3.272951e+01 
-3.855765e+01 
-3.856123e+01 
-3.839553e+01 
-3.841103e+01 
-3.840805e+01 
-3.839612e+01 
                  -3.287852e+01 
                  -3.287852e+01 
                  -3.275514e+01 
                  -3.275276e+01 
                  -3.274799e+01 
                  -3.274978e+01 
-3.839255e+01 
-3.866375e+01 
-3.858507e+01 
-3.853858e+01 
-3.834784e+01 
-3.847599e+01 
-3.845573e+01 
                  -3.273666e+01 
                  -3.296495e+01 
                  -3.290058e+01 
                  -3.286302e+01 
                  -3.270865e+01 
                  -3.280342e+01 
                  -3.279686e+01 
-3.842891e+01 
-3.849924e+01 
-3.845633e+01 
-3.820777e+01 
-3.841460e+01 
-3.839255e+01 
-3.855408e+01 
                  -3.277183e+01 
                  -3.282726e+01 
                  -3.279329e+01 
                  -3.258765e+01 
                  -3.275216e+01 
                  -3.274560e+01 
                  -3.287375e+01 
-3.862560e+01 
-3.860772e+01 
-3.830314e+01 
-3.839374e+01 
-3.851951e+01 
-3.843904e+01 
                  -3.292919e+01 
                  -3.292263e+01 
                  -3.267110e+01 
                  -3.274084e+01 
                  -3.284336e+01 
                  -3.278196e+01 
-3.833294e+01 
-3.846527e+01 
-3.819406e+01 
-3.833235e+01 
-3.850699e+01 
-3.849507e+01 
                  -3.269613e+01 
                  -3.280402e+01 
                  -3.259540e+01 
                  -3.269554e+01 
                  -3.283561e+01 
                  -3.282905e+01 
-3.852725e+01 
-3.863395e+01 
-3.837944e+01 
-3.837467e+01 
-3.829003e+01 
-3.835619e+01 
                  -3.285706e+01 
                  -3.294826e+01 
                  -3.274799e+01 
                  -3.273309e+01 
                  -3.266275e+01 
                  -3.271640e+01 
-3.841877e+01 
-3.842473e+01 
-3.830493e+01 
-3.838599e+01 
-3.848076e+01 
                  -3.276706e+01 
                  -3.276527e+01 
                  -3.267110e+01 
                  -3.274620e+01 
                  -3.282965e+01 
-3.832698e+01 
-3.841639e+01 
-3.860116e+01 
-3.824115e+01 
-3.838003e+01 
                  -3.269613e+01 
                  -3.276050e+01 
                  -3.291428e+01 
                  -3.262580e+01 
                  -3.273726e+01 
-3.851772e+01 
-3.830374e+01 
-3.819049e+01 
-3.845215e+01 
                  -3.285468e+01 
                  -3.267289e+01 
                  -3.257573e+01 
                  -3.278912e+01 
-3.836871e+01 
-3.829122e+01 
-3.828645e+01 
-3.839910e+01 
-3.839255e+01 
-3.858865e+01 
                  -3.272474e+01 
                  -3.265620e+01 
                  -3.265143e+01 
                  -3.274858e+01 
                  -3.275037e+01 
                  -3.290356e+01 
-3.852249e+01 
-3.822327e+01 
-3.822744e+01 
-3.827572e+01 
-3.832102e+01 
                  -3.285170e+01 
                  -3.260494e+01 
                  -3.259778e+01 
                  -3.264785e+01 
                  -3.267944e+01 
-3.849507e+01 
-3.830135e+01 
-3.828884e+01 
-3.830731e+01 
-3.832639e+01 
-3.847957e+01 
                  -3.281832e+01 
                  -3.267110e+01 
                  -3.265560e+01 
                  -3.267229e+01 
                  -3.268838e+01 
                  -3.281475e+01 
-3.848494e+01 
-3.839970e+01 
-3.831327e+01 
-3.837109e+01 
-3.823519e+01 
-3.823936e+01 
                  -3.281057e+01 
                  -3.274441e+01 
                  -3.268183e+01 
                  -3.273368e+01 
                  -3.261745e+01 
                  -3.261626e+01 
-3.835559e+01 
-3.829778e+01 
-3.825307e+01 
-3.835023e+01 
-3.831625e+01 
-3.839434e+01 
                  -3.271163e+01 
                  -3.266395e+01 
                  -3.263176e+01 
                  -3.270805e+01 
                  -3.268242e+01 
                  -3.273786e+01 
-3.853322e+01 
-3.844798e+01 
-3.816963e+01 
-3.830135e+01 
-3.814340e+01 
-3.823519e+01 
                  -3.285468e+01 
                  -3.280223e+01 
                  -3.257096e+01 
                  -3.267646e+01 
                  -3.254295e+01 
                  -3.261686e+01 
-3.836990e+01 
-3.841758e+01 
-3.824234e+01 
-3.825427e+01 
-3.827036e+01 
-3.831745e+01 
                  -3.272832e+01 
                  -3.277660e+01 
                  -3.262997e+01 
                  -3.263712e+01 
                  -3.264368e+01 
                  -3.268660e+01 
-3.836871e+01 
-3.846884e+01 
-3.833890e+01 
-3.831625e+01 
-3.820718e+01 
                  -3.273189e+01 
                  -3.281176e+01 
                  -3.270328e+01 
                  -3.268004e+01 
                  -3.258646e+01 
-3.814221e+01 
-3.814817e+01 
-3.832818e+01 
-3.831983e+01 
-3.841460e+01 
-3.822625e+01 
                  -3.253937e+01 
                  -3.253937e+01 
                  -3.269434e+01 
                  -3.268958e+01 
                  -3.275991e+01 
                  -3.260971e+01 
-3.823698e+01 
-3.834606e+01 
-3.838122e+01 
-3.837288e+01 
-3.830076e+01 
-3.818512e+01 
-3.812433e+01 
                  -3.262043e+01 
                  -3.270030e+01 
                  -3.272951e+01 
                  -3.273249e+01 
                  -3.266752e+01 
                  -3.256739e+01 
                  -3.252447e+01 
-3.809393e+01 
-3.831685e+01 
-3.829062e+01 
-3.844142e+01 
-3.833712e+01 
                  -3.250242e+01 
                  -3.268361e+01 
                  -3.266275e+01 
                  -3.278375e+01 
                  -3.269792e+01 
-3.821195e+01 
-3.816784e+01 
-3.833592e+01 
-3.830791e+01 
-3.838540e+01 
                  -3.261209e+01 
                  -3.256321e+01 
                  -3.269971e+01 
                  -3.267646e+01 
                  -3.273964e+01 
-3.810466e+01 
-3.811598e+01 
-3.815830e+01 
-3.826023e+01 
-3.834069e+01 
-3.834546e+01 
                  -3.252328e+01 
                  -3.251434e+01 
                  -3.255487e+01 
                  -3.263235e+01 
                  -3.270269e+01 
                  -3.269911e+01 
-3.816605e+01 
-3.824532e+01 
-3.828884e+01 
-3.840089e+01 
-3.822923e+01 
-3.827930e+01 
                  -3.255964e+01 
                  -3.262103e+01 
                  -3.267050e+01 
                  -3.275156e+01 
                  -3.259838e+01 
                  -3.265024e+01 
-3.814459e+01 
-3.808558e+01 
-3.825546e+01 
-3.816605e+01 
-3.818214e+01 
-3.839195e+01 
                  -3.254414e+01 
                  -3.248752e+01 
                  -3.262222e+01 
                  -3.255546e+01 
                  -3.257692e+01 
                  -3.275395e+01 
-3.822923e+01 
-3.815949e+01 
-3.833473e+01 
-3.826499e+01 
-3.820479e+01 
-3.826738e+01 
-3.822327e+01 
                  -3.261388e+01 
                  -3.255666e+01 
                  -3.270626e+01 
                  -3.265620e+01 
                  -3.259540e+01 
                  -3.265202e+01 
                  -3.261745e+01 
-3.808678e+01 
-3.813625e+01 
-3.812254e+01 
-3.816843e+01 
-3.832758e+01 
                  -3.249705e+01 
                  -3.253878e+01 
                  -3.252209e+01 
                  -3.256143e+01 
                  -3.268719e+01 
-3.832996e+01 
-3.816843e+01 
-3.827453e+01 
-3.824294e+01 
-3.815651e+01 
-3.827453e+01 
                  -3.270030e+01 
                  -3.256739e+01 
                  -3.265977e+01 
                  -3.262341e+01 
                  -3.255546e+01 
                  -3.264249e+01 
-3.822268e+01 
-3.802717e+01 
-3.807605e+01 
-3.815294e+01 
-3.820777e+01 
                  -3.260613e+01 
                  -3.245235e+01 
                  -3.248215e+01 
                  -3.255010e+01 
                  -3.259421e+01 
-3.833950e+01 
-3.837884e+01 
-3.817976e+01 
-3.806770e+01 
-3.812016e+01 
-3.820777e+01 
                  -3.271103e+01 
                  -3.274084e+01 
                  -3.258467e+01 
                  -3.247917e+01 
                  -3.251791e+01 
                  -3.258646e+01 
-3.820181e+01 
-3.830493e+01 
-3.813208e+01 
-3.805340e+01 
-3.808916e+01 
-3.807366e+01 
                  -3.258944e+01 
                  -3.268600e+01 
                  -3.253699e+01 
                  -3.246785e+01 
                  -3.250182e+01 
                  -3.248632e+01 
-3.827394e+01 
-3.834308e+01 
-3.818512e+01 
-3.820479e+01 
                  -3.264189e+01 
                  -3.270984e+01 
                  -3.258646e+01 
                  -3.259182e+01 
-3.813208e+01 
-3.810883e+01 
-3.818214e+01 
-3.831208e+01 
-3.810704e+01 
-3.802062e+01 
-3.798187e+01 
                  -3.253520e+01 
                  -3.251374e+01 
                  -3.257871e+01 
                  -3.268063e+01 
                  -3.251136e+01 
                  -3.243506e+01 
                  -3.241837e+01 
-3.813208e+01 
-3.818155e+01 
-3.841639e+01 
-3.822148e+01 
-3.816784e+01 
-3.810645e+01 
                  -3.252685e+01 
                  -3.256500e+01 
                  -3.275454e+01 
                  -3.260255e+01 
                  -3.255845e+01 
                  -3.251374e+01 
-3.808022e+01 
-3.820003e+01 
-3.822744e+01 
-3.800929e+01 
-3.812671e+01 
-3.797353e+01 
                  -3.249467e+01 
                  -3.259540e+01 
                  -3.261030e+01 
                  -3.243566e+01 
                  -3.252745e+01 
                  -3.240228e+01 
-3.813088e+01 
-3.817797e+01 
-3.826499e+01 
-3.819049e+01 
-3.820122e+01 
-3.813982e+01 
                  -3.252864e+01 
                  -3.256739e+01 
                  -3.264964e+01 
                  -3.258944e+01 
                  -3.259659e+01 
                  -3.254056e+01 
-3.801525e+01 
-3.804982e+01 
-3.820599e+01 
-3.805519e+01 
-3.817320e+01 
-3.811717e+01 
                  -3.243268e+01 
                  -3.246844e+01 
                  -3.258586e+01 
                  -3.248394e+01 
                  -3.256321e+01 
                  -3.252924e+01 
-3.800929e+01 
-3.809691e+01 
-3.819824e+01 
-3.823698e+01 
-3.814936e+01 
-3.818334e+01 
                  -3.243268e+01 
                  -3.249824e+01 
                  -3.259182e+01 
                  -3.261626e+01 
                  -3.255189e+01 
                  -3.258884e+01 
-3.809393e+01 
-3.801108e+01 
-3.811777e+01 
-3.813208e+01 
-3.813208e+01 
-3.801644e+01 
                  -3.250838e+01 
                  -3.243685e+01 
                  -3.252387e+01 
                  -3.254474e+01 
                  -3.253997e+01 
                  -3.244579e+01 
-3.806174e+01 
-3.811121e+01 
-3.812075e+01 
-3.817022e+01 
-3.830553e+01 
-3.815115e+01 
                  -3.248573e+01 
                  -3.252030e+01 
                  -3.252447e+01 
                  -3.256083e+01 
                  -3.268600e+01 
                  -3.256143e+01 
-3.798962e+01 
-3.807128e+01 
-3.813267e+01 
-3.802300e+01 
-3.807664e+01 
-3.806174e+01 
                  -3.242970e+01 
                  -3.248930e+01 
                  -3.253341e+01 
                  -3.244996e+01 
                  -3.248573e+01 
                  -3.247679e+01 
-3.792584e+01 
-3.807784e+01 
-3.830851e+01 
-3.822744e+01 
-3.811717e+01 
-3.814757e+01 
                  -3.236294e+01 
                  -3.248096e+01 
                  -3.267050e+01 
                  -3.261269e+01 
                  -3.252626e+01 
                  -3.255308e+01 
-3.797710e+01 
-3.801287e+01 
-3.804446e+01 
-3.813982e+01 
-3.817082e+01 
                  -3.241420e+01 
                  -3.243328e+01 
                  -3.245712e+01 
                  -3.254593e+01 
                  -3.257037e+01 
-3.801764e+01 
-3.796101e+01 
-3.803552e+01 
-3.810823e+01 
-3.817320e+01 
                  -3.245116e+01 
                  -3.239811e+01 
                  -3.245116e+01 
                  -3.252089e+01 
                  -3.256202e+01 
-3.823877e+01 
-3.827513e+01 
-3.788233e+01 
-3.802836e+01 
-3.806532e+01 
-3.799499e+01 
                  -3.263176e+01 
                  -3.265679e+01 
                  -3.233433e+01 
                  -3.244698e+01 
                  -3.248394e+01 
                  -3.242970e+01 
-3.807903e+01 
-3.815413e+01 
-3.794969e+01 
-3.799677e+01 
-3.814698e+01 
                  -3.249109e+01 
                  -3.255010e+01 
                  -3.239274e+01 
                  -3.242493e+01 
                  -3.254712e+01 
-3.816963e+01 
-3.807605e+01 
-3.820777e+01 
-3.812731e+01 
                  -3.256679e+01 
                  -3.249824e+01 
                  -3.259540e+01 
                  -3.253460e+01 
-3.800989e+01 
-3.793419e+01 
-3.800631e+01 
-3.806115e+01 
-3.813267e+01 
-3.801644e+01 
                  -3.244400e+01 
                  -3.237009e+01 
                  -3.242374e+01 
                  -3.246606e+01 
                  -3.253937e+01 
                  -3.243685e+01 
-3.804028e+01 
-3.803492e+01 
-3.802360e+01 
-3.820777e+01 
-3.830076e+01 
-3.808558e+01 
                  -3.245652e+01 
                  -3.245414e+01 
                  -3.245235e+01 
                  -3.259719e+01 
                  -3.267885e+01 
                  -3.250122e+01 
-3.797055e+01 
-3.800631e+01 
-3.788949e+01 
-3.787220e+01 
-3.822387e+01 
-3.805578e+01 
                  -3.240586e+01 
                  -3.242970e+01 
                  -3.233254e+01 
                  -3.231883e+01 
                  -3.260553e+01 
                  -3.247559e+01 
-3.798187e+01 
-3.819347e+01 
-3.808678e+01 
-3.791452e+01 
-3.820241e+01 
-3.814161e+01 
                  -3.241897e+01 
                  -3.258706e+01 
                  -3.250838e+01 
                  -3.235877e+01 
                  -3.259063e+01 
                  -3.255189e+01 
-3.794432e+01 
-3.793896e+01 
-3.803432e+01 
-3.795982e+01 
-3.814996e+01 
-3.804863e+01 
                  -3.239274e+01 
                  -3.237367e+01 
                  -3.244281e+01 
                  -3.238917e+01 
                  -3.254295e+01 
                  -3.246487e+01 
-3.799022e+01 
-3.798902e+01 
-3.796876e+01 
-3.805578e+01 
-3.830851e+01 
-3.812910e+01 
                  -3.241361e+01 
                  -3.242433e+01 
                  -3.240288e+01 
                  -3.247023e+01 
                  -3.268063e+01 
                  -3.254295e+01 
-3.793478e+01 
-3.803790e+01 
-3.800810e+01 
-3.778279e+01 
                  -3.237844e+01 
                  -3.245056e+01 
                  -3.242731e+01 
                  -3.225089e+01 
-3.802896e+01 
-3.808797e+01 
-3.791452e+01 
-3.804982e+01 
-3.821373e+01 
-3.807664e+01 
-3.800810e+01 
                  -3.243864e+01 
                  -3.248930e+01 
                  -3.235877e+01 
                  -3.246010e+01 
                  -3.260076e+01 
                  -3.249944e+01 
                  -3.243506e+01 
-3.816665e+01 
-3.808260e+01 
-3.780723e+01 
-3.784478e+01 
-3.788531e+01 
-3.801764e+01 
                  -3.257335e+01 
                  -3.250122e+01 
                  -3.227055e+01 
                  -3.229440e+01 
                  -3.233254e+01 
                  -3.243804e+01 
-3.815353e+01 
-3.812433e+01 
-3.814102e+01 
-3.796876e+01 
-3.797532e+01 
                  -3.255546e+01 
                  -3.253699e+01 
                  -3.254593e+01 
                  -3.240407e+01 
                  -3.241003e+01 
-3.803969e+01 
-3.807605e+01 
-3.794194e+01 
-3.802658e+01 
-3.803373e+01 
-3.789604e+01 
                  -3.245950e+01 
                  -3.249824e+01 
                  -3.238559e+01 
                  -3.245712e+01 
                  -3.245473e+01 
                  -3.234625e+01 
-3.795445e+01 
-3.802240e+01 
-3.811777e+01 
-3.805161e+01 
-3.800691e+01 
-3.794432e+01 
                  -3.238142e+01 
                  -3.245712e+01 
                  -3.253043e+01 
                  -3.247440e+01 
                  -3.243506e+01 
                  -3.238202e+01 
-3.796339e+01 
-3.814042e+01 
-3.808618e+01 
-3.808499e+01 
-3.786982e+01 
                  -3.240168e+01 
                  -3.253580e+01 
                  -3.249884e+01 
                  -3.250003e+01 
                  -3.233433e+01 
-3.775120e+01 
-3.790319e+01 
-3.799320e+01 
-3.814579e+01 
-3.811837e+01 
-3.805757e+01 
-3.795028e+01 
                  -3.222347e+01 
                  -3.234983e+01 
                  -3.242135e+01 
                  -3.254891e+01 
                  -3.252089e+01 
                  -3.247619e+01 
                  -3.240049e+01 
-3.801525e+01 
-3.806949e+01 
-3.802896e+01 
-3.795624e+01 
-3.786862e+01 
-3.787697e+01 
                  -3.244341e+01 
                  -3.247917e+01 
                  -3.245414e+01 
                  -3.239394e+01 
                  -3.232718e+01 
                  -3.232599e+01 
-3.795445e+01 
-3.800035e+01 
-3.807724e+01 
-3.814102e+01 
-3.806711e+01 
-3.791929e+01 
                  -3.238976e+01 
                  -3.242433e+01 
                  -3.249407e+01 
                  -3.254831e+01 
                  -3.249288e+01 
                  -3.237188e+01 
-3.794432e+01 
-3.805936e+01 
-3.790975e+01 
-3.804684e+01 
-3.802360e+01 
-3.786982e+01 
-3.785134e+01 
-3.803254e+01 
                  -3.238082e+01 
                  -3.247142e+01 
                  -3.235162e+01 
                  -3.246427e+01 
                  -3.244400e+01 
                  -3.232003e+01 
                  -3.231168e+01 
                  -3.245354e+01 
-3.800571e+01 
-3.802002e+01 
-3.806591e+01 
-3.802598e+01 
-3.799141e+01 
-3.797949e+01 
                  -3.243328e+01 
                  -3.244043e+01 
                  -3.247261e+01 
                  -3.244222e+01 
                  -3.242076e+01 
                  -3.241361e+01 
-3.802002e+01 
-3.797770e+01 
-3.800035e+01 
-3.784419e+01 
-3.783465e+01 
-3.792525e+01 
-3.785551e+01 
                  -3.244162e+01 
                  -3.240645e+01 
                  -3.242851e+01 
                  -3.230632e+01 
                  -3.229618e+01 
                  -3.236175e+01 
                  -3.230095e+01 
-3.819466e+01 
-3.818691e+01 
-3.791810e+01 
-3.799677e+01 
-3.800035e+01 
                  -3.258050e+01 
                  -3.257990e+01 
                  -3.236652e+01 
                  -3.242731e+01 
                  -3.243626e+01 
-3.785253e+01 
-3.793419e+01 
-3.807188e+01 
-3.786087e+01 
-3.776908e+01 
-3.800035e+01 
                  -3.230751e+01 
                  -3.236413e+01 
                  -3.248692e+01 
                  -3.232420e+01 
                  -3.223658e+01 
                  -3.241957e+01 
-3.795147e+01 
-3.800810e+01 
-3.826142e+01 
-3.804982e+01 
-3.775120e+01 
-3.795863e+01 
                  -3.239870e+01 
                  -3.243983e+01 
                  -3.264606e+01 
                  -3.248334e+01 
                  -3.223420e+01 
                  -3.238500e+01 
-3.786803e+01 
-3.796578e+01 
-3.806353e+01 
-3.799260e+01 
-3.787399e+01 
-3.782988e+01 
                  -3.231764e+01 
                  -3.239930e+01 
                  -3.247977e+01 
                  -3.242851e+01 
                  -3.232897e+01 
                  -3.229320e+01 
-3.796578e+01 
-3.803313e+01 
-3.804028e+01 
-3.810764e+01 
-3.790856e+01 
-3.799141e+01 
                  -3.239751e+01 
                  -3.245831e+01 
                  -3.245831e+01 
                  -3.251374e+01 
                  -3.235996e+01 
                  -3.242135e+01 
-3.788174e+01 
-3.794015e+01 
-3.813267e+01 
-3.780842e+01 
-3.781856e+01 
                  -3.234148e+01 
                  -3.237904e+01 
                  -3.252983e+01 
                  -3.227294e+01 
                  -3.227413e+01 
-3.795982e+01 
-3.780961e+01 
-3.798008e+01 
-3.822446e+01 
-3.810704e+01 
-3.785909e+01 
                  -3.238798e+01 
                  -3.227473e+01 
                  -3.240705e+01 
                  -3.261447e+01 
                  -3.252387e+01 
                  -3.231705e+01 
-3.798962e+01 
-3.792823e+01 
-3.775120e+01 
-3.796399e+01 
-3.802956e+01 
-3.784478e+01 
                  -3.241063e+01 
                  -3.237367e+01 
                  -3.222883e+01 
                  -3.239096e+01 
                  -3.244639e+01 
                  -3.230274e+01 
-3.784955e+01 
-3.793955e+01 
-3.793598e+01 
-3.807962e+01 
-3.807366e+01 
-3.802419e+01 
-3.803015e+01 
                  -3.229857e+01 
                  -3.237367e+01 
                  -3.237665e+01 
                  -3.250242e+01 
                  -3.249348e+01 
                  -3.244818e+01 
                  -3.245414e+01 
-3.773511e+01 
-3.776491e+01 
-3.797114e+01 
-3.796280e+01 
-3.787816e+01 
-3.800333e+01 
-3.791452e+01 
                  -3.221512e+01 
                  -3.223062e+01 
                  -3.239572e+01 
                  -3.239692e+01 
                  -3.232062e+01 
                  -3.242076e+01 
                  -3.236056e+01 
-3.779054e+01 
-3.799856e+01 
-3.818691e+01 
-3.788531e+01 
-3.790677e+01 
-3.790081e+01 
                  -3.225208e+01 
                  -3.242910e+01 
                  -3.258646e+01 
                  -3.233433e+01 
                  -3.234685e+01 
                  -3.234804e+01 
-3.781319e+01 
-3.787041e+01 
-3.802062e+01 
-3.798485e+01 
-3.789247e+01 
-3.786803e+01 
                  -3.228188e+01 
                  -3.232360e+01 
                  -3.244460e+01 
                  -3.242255e+01 
                  -3.234804e+01 
                  -3.232599e+01 
-3.788233e+01 
-3.785730e+01 
-3.802240e+01 
-3.813625e+01 
-3.804088e+01 
-3.790737e+01 
-3.777862e+01 
                  -3.233076e+01 
                  -3.232301e+01 
                  -3.244341e+01 
                  -3.253758e+01 
                  -3.247083e+01 
                  -3.235102e+01 
                  -3.225029e+01 
-3.779948e+01 
-3.777743e+01 
-3.784299e+01 
-3.804744e+01 
-3.795207e+01 
-3.789783e+01 
                  -3.226519e+01 
                  -3.223896e+01 
                  -3.229678e+01 
                  -3.246487e+01 
                  -3.239990e+01 
                  -3.235221e+01 
-3.807188e+01 
-3.800393e+01 
-3.791869e+01 
-3.782928e+01 
                  -3.248811e+01 
                  -3.243506e+01 
                  -3.236533e+01 
                  -3.228724e+01 
-3.781260e+01 
-3.775478e+01 
-3.782452e+01 
-3.797114e+01 
                  -3.227055e+01 
                  -3.222943e+01 
                  -3.228128e+01 
                  -3.240168e+01 
-3.805519e+01 
-3.797114e+01 
-3.793419e+01 
-3.788710e+01 
-3.791392e+01 
-3.780127e+01 
                  -3.246665e+01 
                  -3.240645e+01 
                  -3.237963e+01 
                  -3.233374e+01 
                  -3.236652e+01 
                  -3.226877e+01 
-3.794432e+01 
-3.814757e+01 
-3.790498e+01 
-3.771306e+01 
-3.788889e+01 
-3.780127e+01 
                  -3.239096e+01 
                  -3.255189e+01 
                  -3.235639e+01 
                  -3.219128e+01 
                  -3.233791e+01 
                  -3.227353e+01 
-3.785313e+01 
-3.801585e+01 
-3.790379e+01 
-3.782690e+01 
-3.788472e+01 
-3.807545e+01 
                  -3.230095e+01 
                  -3.243983e+01 
                  -3.235698e+01 
                  -3.227353e+01 
                  -3.233433e+01 
                  -3.249884e+01 
-3.803850e+01 
-3.792167e+01 
-3.792108e+01 
-3.771246e+01 
-3.778220e+01 
-3.782392e+01 
-3.792167e+01 
                  -3.246189e+01 
                  -3.236950e+01 
                  -3.236354e+01 
                  -3.218949e+01 
                  -3.224552e+01 
                  -3.228367e+01 
                  -3.236831e+01 
-3.802121e+01 
-3.795207e+01 
-3.786445e+01 
-3.792525e+01 
-3.778637e+01 
                  -3.244877e+01 
                  -3.238857e+01 
                  -3.231824e+01 
                  -3.237009e+01 
                  -3.225565e+01 
-3.788829e+01 
-3.800691e+01 
-3.799022e+01 
-3.775120e+01 
-3.779054e+01 
-3.777981e+01 
                  -3.233731e+01 
                  -3.243030e+01 
                  -3.241837e+01 
                  -3.222168e+01 
                  -3.226102e+01 
                  -3.224850e+01 
-3.780306e+01 
-3.796936e+01 
-3.808976e+01 
-3.779054e+01 
-3.787101e+01 
-3.790737e+01 
-3.795505e+01 
                  -3.226459e+01 
                  -3.239572e+01 
                  -3.250063e+01 
                  -3.226817e+01 
                  -3.232301e+01 
                  -3.235102e+01 
                  -3.239632e+01 
-3.794075e+01 
-3.797710e+01 
-3.778756e+01 
-3.775180e+01 
-3.772855e+01 
-3.784657e+01 
                  -3.238798e+01 
                  -3.241718e+01 
                  -3.225863e+01 
                  -3.222526e+01 
                  -3.219784e+01 
                  -3.230274e+01 
-3.799677e+01 
-3.807247e+01 
-3.786445e+01 
-3.791631e+01 
-3.786505e+01 
-3.778100e+01 
                  -3.241957e+01 
                  -3.249109e+01 
                  -3.232360e+01 
                  -3.236413e+01 
                  -3.231705e+01 
                  -3.224671e+01 
-3.796459e+01 
-3.801287e+01 
-3.789783e+01 
-3.780008e+01 
-3.780246e+01 
-3.780127e+01 
                  -3.239751e+01 
                  -3.244043e+01 
                  -3.235460e+01 
                  -3.226698e+01 
                  -3.226638e+01 
                  -3.226579e+01 
-3.779054e+01 
-3.798068e+01 
-3.792704e+01 
-3.791869e+01 
-3.792882e+01 
-3.790081e+01 
                  -3.224731e+01 
                  -3.240824e+01 
                  -3.236771e+01 
                  -3.236294e+01 
                  -3.236533e+01 
                  -3.234744e+01 
-3.793002e+01 
-3.792167e+01 
-3.781498e+01 
-3.786386e+01 
-3.781856e+01 
-3.765405e+01 
                  -3.237665e+01 
                  -3.236831e+01 
                  -3.228128e+01 
                  -3.231407e+01 
                  -3.228248e+01 
                  -3.214658e+01 
-3.781200e+01 
-3.803671e+01 
-3.805459e+01 
-3.791512e+01 
-3.787816e+01 
-3.786028e+01 
                  -3.226936e+01 
                  -3.246487e+01 
                  -3.248513e+01 
                  -3.236294e+01 
                  -3.233076e+01 
                  -3.232003e+01 
-3.771723e+01 
-3.795743e+01 
-3.796697e+01 
-3.778398e+01 
-3.781319e+01 
-3.781677e+01 
                  -3.219068e+01 
                  -3.239036e+01 
                  -3.240228e+01 
                  -3.225565e+01 
                  -3.228546e+01 
                  -3.227830e+01 
-3.784419e+01 
-3.788829e+01 
-3.792644e+01 
-3.797293e+01 
-3.783346e+01 
-3.780663e+01 
                  -3.229678e+01 
                  -3.233314e+01 
                  -3.237188e+01 
                  -3.241003e+01 
                  -3.229797e+01 
                  -3.227234e+01 
-3.794492e+01 
-3.791810e+01 
-3.794432e+01 
-3.778100e+01 
-3.784061e+01 
-3.764391e+01 
-3.777922e+01 
                  -3.237844e+01 
                  -3.236652e+01 
                  -3.239334e+01 
                  -3.224790e+01 
                  -3.229142e+01 
                  -3.213287e+01 
                  -3.224552e+01 
-3.795445e+01 
-3.798545e+01 
-3.790379e+01 
-3.795624e+01 
                  -3.238440e+01 
                  -3.241778e+01 
                  -3.236235e+01 
                  -3.239334e+01 
-3.782213e+01 
-3.785491e+01 
-3.784776e+01 
-3.790737e+01 
-3.781081e+01 
-3.782750e+01 
                  -3.228248e+01 
                  -3.230274e+01 
                  -3.230155e+01 
                  -3.236056e+01 
                  -3.227234e+01 
                  -3.227950e+01 
-3.778875e+01 
-3.780783e+01 
-3.780187e+01 
-3.806055e+01 
-3.798843e+01 
                  -3.225148e+01 
                  -3.226877e+01 
                  -3.225923e+01 
                  -3.247142e+01 
                  -3.242433e+01 
-3.785491e+01 
-3.776134e+01 
-3.791392e+01 
-3.784717e+01 
-3.784240e+01 
-3.791452e+01 
                  -3.230751e+01 
                  -3.222645e+01 
                  -3.234446e+01 
                  -3.230095e+01 
                  -3.230095e+01 
                  -3.235519e+01 
-3.787160e+01 
-3.757298e+01 
-3.775716e+01 
-3.793002e+01 
-3.795863e+01 
-3.796041e+01 
                  -3.232658e+01 
                  -3.208399e+01 
                  -3.222943e+01 
                  -3.237844e+01 
                  -3.239632e+01 
                  -3.240288e+01 
-3.806591e+01 
-3.780723e+01 
-3.767789e+01 
-3.776968e+01 
-3.787876e+01 
-3.784836e+01 
                  -3.248215e+01 
                  -3.228248e+01 
                  -3.215194e+01 
                  -3.222645e+01 
                  -3.232360e+01 
                  -3.230334e+01 
-3.784895e+01 
-3.787280e+01 
-3.786624e+01 
-3.771723e+01 
                  -3.230691e+01 
                  -3.231585e+01 
                  -3.231347e+01 
                  -3.219366e+01 
-3.786982e+01 
-3.790796e+01 
-3.797174e+01 
-3.780842e+01 
-3.787339e+01 
-3.788949e+01 
                  -3.232301e+01 
                  -3.235639e+01 
                  -3.240824e+01 
                  -3.228367e+01 
                  -3.232241e+01 
                  -3.233493e+01 
-3.771365e+01 
-3.782094e+01 
-3.795326e+01 
-3.775359e+01 
                  -3.219009e+01 
                  -3.227890e+01 
                  -3.239632e+01 
                  -3.223300e+01 
-3.775120e+01 
-3.782988e+01 
-3.790558e+01 
-3.782690e+01 
-3.801525e+01 
-3.795088e+01 
-3.778041e+01 
                  -3.222347e+01 
                  -3.228963e+01 
                  -3.234864e+01 
                  -3.228724e+01 
                  -3.244818e+01 
                  -3.239811e+01 
                  -3.224850e+01 
-3.774941e+01 
-3.779889e+01 
-3.772140e+01 
-3.786207e+01 
-3.791690e+01 
-3.774226e+01 
                  -3.222168e+01 
                  -3.226221e+01 
                  -3.219963e+01 
                  -3.231168e+01 
                  -3.237009e+01 
                  -3.222406e+01 
-3.786684e+01 
-3.783823e+01 
-3.794432e+01 
-3.799737e+01 
-3.785730e+01 
-3.775359e+01 
                  -3.232301e+01 
                  -3.229678e+01 
                  -3.238559e+01 
                  -3.242970e+01 
                  -3.231228e+01 
                  -3.222824e+01 
-3.772855e+01 
-3.779710e+01 
-3.782094e+01 
-3.783644e+01 
-3.787995e+01 
-3.772855e+01 
                  -3.220499e+01 
                  -3.225804e+01 
                  -3.228486e+01 
                  -3.229976e+01 
                  -3.233552e+01 
                  -3.220857e+01 
-3.791750e+01 
-3.787816e+01 
-3.784657e+01 
-3.788889e+01 
-3.790319e+01 
-3.782928e+01 
                  -3.236175e+01 
                  -3.232658e+01 
                  -3.230036e+01 
                  -3.233374e+01 
                  -3.235221e+01 
                  -3.229499e+01 
-3.785789e+01 
-3.769517e+01 
-3.771484e+01 
-3.782332e+01 
                  -3.231526e+01 
                  -3.218174e+01 
                  -3.219068e+01 
                  -3.228426e+01 
-3.798306e+01 
-3.776551e+01 
-3.780544e+01 
-3.779650e+01 
-3.781379e+01 
                  -3.242016e+01 
                  -3.224016e+01 
                  -3.226579e+01 
                  -3.226102e+01 
                  -3.227473e+01 
-3.794194e+01 
-3.807843e+01 
-3.779293e+01 
-3.767610e+01 
-3.773153e+01 
-3.780306e+01 
                  -3.237009e+01 
                  -3.248871e+01 
                  -3.226757e+01 
                  -3.215909e+01 
                  -3.221214e+01 
                  -3.226459e+01 
-3.776134e+01 
-3.788591e+01 
-3.779412e+01 
-3.785015e+01 
-3.785909e+01 
-3.796101e+01 
-3.789187e+01 
                  -3.223300e+01 
                  -3.233016e+01 
                  -3.225625e+01 
                  -3.230155e+01 
                  -3.231883e+01 
                  -3.239572e+01 
                  -3.234506e+01 
-3.786803e+01 
-3.778935e+01 
-3.783107e+01 
-3.762901e+01 
                  -3.232837e+01 
                  -3.225923e+01 
                  -3.229559e+01 
                  -3.212452e+01 
-3.763438e+01 
-3.781379e+01 
-3.805578e+01 
-3.784061e+01 
-3.783763e+01 
-3.779948e+01 
-3.778697e+01 
                  -3.212512e+01 
                  -3.226579e+01 
                  -3.246844e+01 
                  -3.230453e+01 
                  -3.229618e+01 
                  -3.227055e+01 
                  -3.225565e+01 
-3.770471e+01 
-3.796697e+01 
-3.789127e+01 
-3.779531e+01 
-3.778160e+01 
                  -3.218830e+01 
                  -3.239632e+01 
                  -3.234625e+01 
                  -3.225506e+01 
                  -3.224194e+01 
-3.782213e+01 
-3.766418e+01 
-3.778637e+01 
-3.787041e+01 
-3.790319e+01 
                  -3.228903e+01 
                  -3.215969e+01 
                  -3.224790e+01 
                  -3.233016e+01 
                  -3.234446e+01 
-3.771008e+01 
-3.785074e+01 
-3.790677e+01 
-3.795922e+01 
-3.791988e+01 
-3.785074e+01 
                  -3.219605e+01 
                  -3.230036e+01 
                  -3.234446e+01 
                  -3.239513e+01 
                  -3.236235e+01 
                  -3.230930e+01 
-3.772796e+01 
-3.746987e+01 
-3.767729e+01 
-3.789008e+01 
-3.789306e+01 
-3.794194e+01 
                  -3.220320e+01 
                  -3.199697e+01 
                  -3.216386e+01 
                  -3.233731e+01 
                  -3.233910e+01 
                  -3.237904e+01 
-3.795863e+01 
-3.783107e+01 
-3.775061e+01 
-3.779352e+01 
-3.789068e+01 
-3.774405e+01 
                  -3.239930e+01 
                  -3.229738e+01 
                  -3.222347e+01 
                  -3.226459e+01 
                  -3.233791e+01 
                  -3.222049e+01 
-3.774643e+01 
-3.781975e+01 
-3.769219e+01 
-3.777206e+01 
-3.795863e+01 
                  -3.222108e+01 
                  -3.227711e+01 
                  -3.217519e+01 
                  -3.223181e+01 
                  -3.239334e+01 
-3.794015e+01 
-3.784240e+01 
-3.772617e+01 
-3.780425e+01 
-3.770709e+01 
                  -3.238082e+01 
                  -3.230632e+01 
                  -3.220857e+01 
                  -3.226042e+01 
                  -3.219366e+01 
-3.781856e+01 
-3.800691e+01 
-3.781617e+01 
-3.762961e+01 
-3.779471e+01 
-3.780663e+01 
                  -3.227532e+01 
                  -3.243208e+01 
                  -3.228546e+01 
                  -3.213048e+01 
                  -3.225506e+01 
                  -3.226281e+01 
-3.775955e+01 
-3.779233e+01 
-3.789366e+01 
-3.776551e+01 
-3.774345e+01 
-3.796816e+01 
-3.791631e+01 
                  -3.223539e+01 
                  -3.226638e+01 
                  -3.234268e+01 
                  -3.224790e+01 
                  -3.221512e+01 
                  -3.240049e+01 
                  -3.236413e+01 
-3.773511e+01 
-3.780902e+01 
-3.777862e+01 
-3.767252e+01 
-3.762067e+01 
-3.783048e+01 
                  -3.221333e+01 
                  -3.226161e+01 
                  -3.224790e+01 
                  -3.216505e+01 
                  -3.211081e+01 
                  -3.228188e+01 
-3.783405e+01 
-3.789604e+01 
-3.789425e+01 
-3.799618e+01 
-3.773511e+01 
                  -3.228903e+01 
                  -3.234685e+01 
                  -3.234029e+01 
                  -3.243089e+01 
                  -3.221929e+01 
-3.766716e+01 
-3.782273e+01 
-3.785253e+01 
-3.759444e+01 
-3.771842e+01 
-3.782154e+01 
                  -3.215850e+01 
                  -3.227890e+01 
                  -3.230513e+01 
                  -3.209532e+01 
                  -3.219843e+01 
                  -3.228128e+01 
-3.785432e+01 
-3.783226e+01 
-3.806472e+01 
-3.775537e+01 
                  -3.230930e+01 
                  -3.229678e+01 
                  -3.248930e+01 
                  -3.224433e+01 
-3.762961e+01 
-3.773451e+01 
-3.779769e+01 
-3.775001e+01 
-3.793002e+01 
                  -3.213108e+01 
                  -3.220618e+01 
                  -3.225625e+01 
                  -3.221751e+01 
                  -3.236950e+01 
-3.788710e+01 
-3.777206e+01 
-3.767312e+01 
-3.770590e+01 
-3.776849e+01 
-3.784836e+01 
                  -3.233254e+01 
                  -3.224552e+01 
                  -3.216327e+01 
                  -3.218472e+01 
                  -3.223777e+01 
                  -3.229738e+01 
-3.791035e+01 
-3.789485e+01 
-3.771365e+01 
-3.776432e+01 
-3.778339e+01 
-3.792346e+01 
-3.784299e+01 
                  -3.235460e+01 
                  -3.233791e+01 
                  -3.219664e+01 
                  -3.223122e+01 
                  -3.224671e+01 
                  -3.236056e+01 
                  -3.230453e+01 
-3.762842e+01 
-3.771127e+01 
-3.762067e+01 
-3.771484e+01 
-3.800452e+01 
                  -3.212989e+01 
                  -3.218770e+01 
                  -3.211558e+01 
                  -3.219903e+01 
                  -3.243328e+01 
-3.795624e+01 
-3.789425e+01 
-3.774763e+01 
-3.778100e+01 
-3.766001e+01 
-3.766716e+01 
-3.788293e+01 
                  -3.240228e+01 
                  -3.234983e+01 
                  -3.222824e+01 
                  -3.224910e+01 
                  -3.215254e+01 
                  -3.215373e+01 
                  -3.233552e+01 
-3.777147e+01 
-3.768623e+01 
-3.776610e+01 
-3.777743e+01 
-3.788531e+01 
-3.799797e+01 
                  -3.225327e+01 
                  -3.216744e+01 
                  -3.223956e+01 
                  -3.225208e+01 
                  -3.232778e+01 
                  -3.242612e+01 
-3.776253e+01 
-3.767789e+01 
-3.772796e+01 
-3.777564e+01 
-3.779293e+01 
-3.779829e+01 
                  -3.222883e+01 
                  -3.216148e+01 
                  -3.220559e+01 
                  -3.224910e+01 
                  -3.225923e+01 
                  -3.226638e+01 
-3.782988e+01 
-3.771902e+01 
-3.776253e+01 
-3.779769e+01 
-3.765703e+01 
                  -3.229261e+01 
                  -3.220439e+01 
                  -3.223300e+01 
                  -3.226340e+01 
                  -3.215969e+01 
-3.784776e+01 
-3.786266e+01 
-3.781200e+01 
-3.786266e+01 
-3.776014e+01 
                  -3.230870e+01 
                  -3.230989e+01 
                  -3.228188e+01 
                  -3.231526e+01 
                  -3.222764e+01 
-3.769398e+01 
-3.780961e+01 
-3.774226e+01 
-3.778398e+01 
-3.760577e+01 
-3.771723e+01 
                  -3.217519e+01 
                  -3.226936e+01 
                  -3.222466e+01 
                  -3.225506e+01 
                  -3.210962e+01 
                  -3.219366e+01 
-3.780306e+01 
-3.793657e+01 
-3.799916e+01 
-3.787697e+01 
-3.758252e+01 
-3.771961e+01 
                  -3.226817e+01 
                  -3.238440e+01 
                  -3.243030e+01 
                  -3.233076e+01 
                  -3.208995e+01 
                  -3.219545e+01 
-3.765226e+01 
-3.775299e+01 
-3.780127e+01 
-3.780604e+01 
-3.772259e+01 
                  -3.213942e+01 
                  -3.222645e+01 
                  -3.225685e+01 
                  -3.226638e+01 
                  -3.221274e+01 
-3.781498e+01 
-3.783465e+01 
-3.786266e+01 
-3.780902e+01 
-3.788829e+01 
-3.761709e+01 
-3.767431e+01 
                  -3.227234e+01 
                  -3.228963e+01 
                  -3.232479e+01 
                  -3.227175e+01 
                  -3.233254e+01 
                  -3.211201e+01 
                  -3.216327e+01 
-3.771067e+01 
-3.777385e+01 
-3.789604e+01 
-3.785193e+01 
-3.771306e+01 
                  -3.218830e+01 
                  -3.223718e+01 
                  -3.233850e+01 
                  -3.231466e+01 
                  -3.219188e+01 
-3.768087e+01 
-3.764928e+01 
-3.783644e+01 
-3.795088e+01 
-3.788233e+01 
                  -3.216982e+01 
                  -3.214956e+01 
                  -3.228784e+01 
                  -3.239215e+01 
                  -3.234864e+01 
-3.777743e+01 
-3.773392e+01 
-3.763736e+01 
-3.775120e+01 
-3.770769e+01 
-3.783226e+01 
                  -3.225625e+01 
                  -3.220320e+01 
                  -3.212691e+01 
                  -3.222227e+01 
                  -3.219545e+01 
                  -3.229320e+01 
-3.777504e+01 
-3.768385e+01 
-3.774107e+01 
-3.779293e+01 
-3.783346e+01 
-3.793657e+01 
                  -3.225327e+01 
                  -3.218234e+01 
                  -3.222227e+01 
                  -3.225387e+01 
                  -3.228963e+01 
                  -3.238261e+01 
-3.791750e+01 
-3.774882e+01 
-3.745199e+01 
-3.760994e+01 
-3.769219e+01 
-3.781379e+01 
-3.790260e+01 
                  -3.236473e+01 
                  -3.221870e+01 
                  -3.197551e+01 
                  -3.210783e+01 
                  -3.217876e+01 
                  -3.226817e+01 
                  -3.234804e+01 
-3.787399e+01 
-3.774524e+01 
-3.779412e+01 
-3.780187e+01 
-3.784359e+01 
                  -3.232897e+01 
                  -3.222585e+01 
                  -3.226102e+01 
                  -3.226996e+01 
                  -3.229976e+01 
-3.769458e+01 
-3.769637e+01 
-3.779650e+01 
-3.765583e+01 
                  -3.218174e+01 
                  -3.218651e+01 
                  -3.227175e+01 
                  -3.215254e+01 
-3.763199e+01 
-3.784359e+01 
-3.787876e+01 
-3.783584e+01 
                  -3.213764e+01 
                  -3.229261e+01 
                  -3.232837e+01 
                  -3.229261e+01 
-3.776253e+01 
-3.769577e+01 
-3.768445e+01 
-3.775359e+01 
-3.796876e+01 
-3.780067e+01 
                  -3.224373e+01 
                  -3.218353e+01 
                  -3.217817e+01 
                  -3.222406e+01 
                  -3.240288e+01 
                  -3.226936e+01 
-3.770471e+01 
-3.766954e+01 
-3.771961e+01 
-3.775657e+01 
-3.775657e+01 
-3.774345e+01 
                  -3.219009e+01 
                  -3.215015e+01 
                  -3.218830e+01 
                  -3.222406e+01 
                  -3.222347e+01 
                  -3.221631e+01 
-3.773511e+01 
-3.774763e+01 
-3.785909e+01 
-3.795445e+01 
-3.788710e+01 
-3.764689e+01 
                  -3.221214e+01 
                  -3.221333e+01 
                  -3.231585e+01 
                  -3.239811e+01 
                  -3.234029e+01 
                  -3.214300e+01 
-3.764332e+01 
-3.765941e+01 
-3.762544e+01 
-3.767848e+01 
-3.789545e+01 
                  -3.213406e+01 
                  -3.215671e+01 
                  -3.211141e+01 
                  -3.216565e+01 
                  -3.233910e+01 
-3.782809e+01 
-3.774643e+01 
-3.789306e+01 
-3.781975e+01 
-3.768921e+01 
                  -3.228963e+01 
                  -3.222704e+01 
                  -3.233672e+01 
                  -3.229261e+01 
                  -3.217280e+01 
-3.775180e+01 
-3.780008e+01 
-3.767848e+01 
-3.760159e+01 
-3.769696e+01 
-3.784121e+01 
                  -3.222049e+01 
                  -3.226221e+01 
                  -3.216982e+01 
                  -3.209591e+01 
                  -3.217936e+01 
                  -3.230155e+01 
-3.781856e+01 
-3.782690e+01 
-3.784419e+01 
-3.767670e+01 
-3.766060e+01 
                  -3.228128e+01 
                  -3.229261e+01 
                  -3.230036e+01 
                  -3.216565e+01 
                  -3.214717e+01 
-3.770948e+01 
-3.787280e+01 
-3.781558e+01 
-3.780365e+01 
-3.775239e+01 
                  -3.219009e+01 
                  -3.232062e+01 
                  -3.227711e+01 
                  -3.226519e+01 
                  -3.222049e+01 
-3.756106e+01 
-3.759265e+01 
-3.778279e+01 
-3.781379e+01 
-3.783763e+01 
-3.771782e+01 
                  -3.207028e+01 
                  -3.208638e+01 
                  -3.224731e+01 
                  -3.228188e+01 
                  -3.230393e+01 
                  -3.220320e+01 
-3.776014e+01 
-3.781438e+01 
-3.780008e+01 
-3.784001e+01 
                  -3.224016e+01 
                  -3.227652e+01 
                  -3.226400e+01 
                  -3.231168e+01 
-3.779710e+01 
-3.755212e+01 
-3.757358e+01 
-3.766716e+01 
-3.773928e+01 
-3.779054e+01 
                  -3.226459e+01 
                  -3.206492e+01 
                  -3.207982e+01 
                  -3.215313e+01 
                  -3.220976e+01 
                  -3.226340e+01 
-3.795088e+01 
-3.792346e+01 
-3.761173e+01 
-3.766001e+01 
-3.779650e+01 
-3.767491e+01 
                  -3.239155e+01 
                  -3.237784e+01 
                  -3.212095e+01 
                  -3.214479e+01 
                  -3.227055e+01 
                  -3.216565e+01 
-3.779173e+01 
-3.777087e+01 
-3.763676e+01 
-3.759563e+01 
-3.775001e+01 
-3.797591e+01 
                  -3.225327e+01 
                  -3.223777e+01 
                  -3.213466e+01 
                  -3.210009e+01 
                  -3.221512e+01 
                  -3.240765e+01 
-3.778279e+01 
-3.774345e+01 
-3.768385e+01 
-3.761530e+01 
-3.774703e+01 
-3.786087e+01 
                  -3.226579e+01 
                  -3.221870e+01 
                  -3.217280e+01 
                  -3.211677e+01 
                  -3.222287e+01 
                  -3.232301e+01 
-3.789843e+01 
-3.770709e+01 
-3.758312e+01 
-3.763855e+01 
-3.768266e+01 
                  -3.234387e+01 
                  -3.219843e+01 
                  -3.209711e+01 
                  -3.214062e+01 
                  -3.217757e+01 
-3.766060e+01 
-3.782034e+01 
-3.784419e+01 
-3.778458e+01 
-3.780604e+01 
                  -3.215194e+01 
                  -3.228486e+01 
                  -3.230393e+01 
                  -3.226102e+01 
                  -3.227532e+01 
-3.785789e+01 
-3.766001e+01 
-3.762424e+01 
-3.777802e+01 
-3.765643e+01 
-3.752232e+01 
                  -3.232062e+01 
                  -3.215909e+01 
                  -3.212154e+01 
                  -3.224254e+01 
                  -3.214598e+01 
                  -3.203929e+01 
-3.771842e+01 
-3.776253e+01 
-3.783346e+01 
-3.791690e+01 
-3.792406e+01 
-3.772080e+01 
                  -3.219068e+01 
                  -3.222883e+01 
                  -3.229797e+01 
                  -3.236294e+01 
                  -3.236592e+01 
                  -3.220857e+01 
-3.758550e+01 
-3.764749e+01 
-3.770352e+01 
-3.770233e+01 
-3.766954e+01 
-3.776789e+01 
                  -3.208638e+01 
                  -3.213168e+01 
                  -3.218234e+01 
                  -3.217757e+01 
                  -3.215850e+01 
                  -3.223718e+01 
-3.780008e+01 
-3.763855e+01 
-3.779173e+01 
-3.792167e+01 
-3.768504e+01 
-3.762603e+01 
                  -3.226757e+01 
                  -3.213406e+01 
                  -3.225148e+01 
                  -3.236533e+01 
                  -3.217400e+01 
                  -3.212214e+01 
-3.778220e+01 
-3.770352e+01 
-3.764809e+01 
-3.791035e+01 
-3.780485e+01 
-3.752113e+01 
                  -3.224910e+01 
                  -3.219188e+01 
                  -3.214300e+01 
                  -3.235281e+01 
                  -3.228069e+01 
                  -3.204644e+01 
-3.756524e+01 
-3.776670e+01 
-3.768027e+01 
-3.787935e+01 
-3.788770e+01 
-3.774941e+01 
                  -3.207982e+01 
                  -3.223658e+01 
                  -3.217519e+01 
                  -3.231943e+01 
                  -3.233791e+01 
                  -3.222943e+01 
-3.772259e+01 
-3.768325e+01 
-3.768206e+01 
-3.774465e+01 
-3.769994e+01 
-3.759265e+01 
-3.765464e+01 
                  -3.220976e+01 
                  -3.216923e+01 
                  -3.216565e+01 
                  -3.222287e+01 
                  -3.218651e+01 
                  -3.209889e+01 
                  -3.214956e+01 
-3.772498e+01 
-3.777087e+01 
-3.793955e+01 
-3.792048e+01 
-3.768921e+01 
                  -3.220559e+01 
                  -3.225267e+01 
                  -3.238798e+01 
                  -3.236413e+01 
                  -3.217996e+01 
-3.763080e+01 
-3.762603e+01 
-3.754259e+01 
-3.770709e+01 
-3.786624e+01 
-3.771186e+01 
                  -3.212393e+01 
                  -3.211916e+01 
                  -3.204644e+01 
                  -3.218055e+01 
                  -3.232241e+01 
                  -3.220141e+01 
-3.768743e+01 
-3.780306e+01 
-3.767670e+01 
-3.771127e+01 
-3.788174e+01 
-3.780306e+01 
                  -3.217459e+01 
                  -3.227234e+01 
                  -3.216684e+01 
                  -3.218949e+01 
                  -3.233254e+01 
                  -3.226936e+01 
-3.765345e+01 
-3.766835e+01 
-3.772200e+01 
-3.764153e+01 
-3.770292e+01 
-3.784299e+01 
-3.767312e+01 
                  -3.214538e+01 
                  -3.215909e+01 
                  -3.220022e+01 
                  -3.214121e+01 
                  -3.218532e+01 
                  -3.230155e+01 
                  -3.216744e+01 
-3.770709e+01 
-3.755510e+01 
-3.772438e+01 
-3.788472e+01 
-3.785849e+01 
-3.787280e+01 
                  -3.218651e+01 
                  -3.206253e+01 
                  -3.220022e+01 
                  -3.233433e+01 
                  -3.232479e+01 
                  -3.233433e+01 
-3.775359e+01 
-3.738404e+01 
-3.760457e+01 
-3.774345e+01 
-3.776134e+01 
-3.767908e+01 
                  -3.222824e+01 
                  -3.192485e+01 
                  -3.209889e+01 
                  -3.222049e+01 
                  -3.223718e+01 
                  -3.217817e+01 
-3.780663e+01 
-3.771782e+01 
-3.767074e+01 
-3.788412e+01 
-3.791869e+01 
-3.766120e+01 
                  -3.227294e+01 
                  -3.221274e+01 
                  -3.216327e+01 
                  -3.233791e+01 
                  -3.235698e+01 
                  -3.214658e+01 
-3.766716e+01 
-3.760577e+01 
-3.756464e+01 
-3.761113e+01 
-3.782928e+01 
-3.788174e+01 
                  -3.216267e+01 
                  -3.210664e+01 
                  -3.207505e+01 
                  -3.211618e+01 
                  -3.228724e+01 
                  -3.234029e+01 
-3.773571e+01 
-3.765643e+01 
-3.782332e+01 
-3.762961e+01 
-3.769994e+01 
-3.782332e+01 
-3.771723e+01 
                  -3.222526e+01 
                  -3.215611e+01 
                  -3.227830e+01 
                  -3.213346e+01 
                  -3.218651e+01 
                  -3.228248e+01 
                  -3.219605e+01 
-3.761948e+01 
-3.771186e+01 
-3.773928e+01 
-3.762782e+01 
-3.767312e+01 
-3.785611e+01 
                  -3.211558e+01 
                  -3.218651e+01 
                  -3.222227e+01 
                  -3.213346e+01 
                  -3.216803e+01 
                  -3.231645e+01 
-3.760100e+01 
-3.769219e+01 
-3.779591e+01 
-3.781558e+01 
-3.783465e+01 
                  -3.210247e+01 
                  -3.217340e+01 
                  -3.225804e+01 
                  -3.228248e+01 
                  -3.230036e+01 
-3.780425e+01 
-3.762305e+01 
-3.757179e+01 
-3.754914e+01 
-3.774226e+01 
-3.774882e+01 
                  -3.227055e+01 
                  -3.212333e+01 
                  -3.207088e+01 
                  -3.205836e+01 
                  -3.221274e+01 
                  -3.221691e+01 
-3.779710e+01 
-3.771544e+01 
-3.783107e+01 
-3.776849e+01 
-3.773928e+01 
-3.775001e+01 
-3.780544e+01 
                  -3.225923e+01 
                  -3.219963e+01 
                  -3.229261e+01 
                  -3.224552e+01 
                  -3.221631e+01 
                  -3.223479e+01 
                  -3.228128e+01 
-3.749907e+01 
-3.752828e+01 
-3.771067e+01 
-3.760398e+01 
-3.781438e+01 
-3.800512e+01 
                  -3.201425e+01 
                  -3.204048e+01 
                  -3.218055e+01 
                  -3.210605e+01 
                  -3.228128e+01 
                  -3.244102e+01 
-3.779352e+01 
-3.751696e+01 
-3.762603e+01 
-3.774405e+01 
-3.774107e+01 
-3.784955e+01 
-3.774822e+01 
                  -3.226996e+01 
                  -3.204525e+01 
                  -3.212452e+01 
                  -3.222287e+01 
                  -3.221751e+01 
                  -3.230811e+01 
                  -3.223122e+01 
-3.747464e+01 
-3.760815e+01 
-3.765822e+01 
-3.785432e+01 
-3.785134e+01 
-3.770948e+01 
                  -3.201247e+01 
                  -3.210783e+01 
                  -3.214837e+01 
                  -3.230751e+01 
                  -3.231645e+01 
                  -3.219247e+01 
-3.763259e+01 
-3.772855e+01 
-3.765762e+01 
-3.782034e+01 
-3.794134e+01 
                  -3.212631e+01 
                  -3.220320e+01 
                  -3.216029e+01 
                  -3.228784e+01 
                  -3.238500e+01 
-3.763378e+01 
-3.752351e+01 
-3.764511e+01 
-3.763199e+01 
-3.759087e+01 
-3.780723e+01 
                  -3.213346e+01 
                  -3.203273e+01 
                  -3.213406e+01 
                  -3.211975e+01 
                  -3.210187e+01 
                  -3.227473e+01 
-3.790081e+01 
-3.769339e+01 
-3.775359e+01 
-3.779471e+01 
-3.772200e+01 
-3.772200e+01 
                  -3.234804e+01 
                  -3.217578e+01 
                  -3.222585e+01 
                  -3.226340e+01 
                  -3.220618e+01 
                  -3.220618e+01 
-3.767908e+01 
-3.753543e+01 
-3.765226e+01 
-3.762782e+01 
-3.774822e+01 
-3.781319e+01 
-3.782690e+01 
                  -3.216863e+01 
                  -3.205061e+01 
                  -3.213942e+01 
                  -3.212810e+01 
                  -3.221631e+01 
                  -3.228665e+01 
                  -3.229499e+01 
-3.778458e+01 
-3.778935e+01 
-3.761113e+01 
-3.757775e+01 
-3.769219e+01 
-3.782690e+01 
-3.754199e+01 
                  -3.225983e+01 
                  -3.226698e+01 
                  -3.211618e+01 
                  -3.208876e+01 
                  -3.218174e+01 
                  -3.228963e+01 
                  -3.206313e+01 
-3.777385e+01 
-3.774643e+01 
-3.761292e+01 
-3.769219e+01 
                  -3.224492e+01 
                  -3.222406e+01 
                  -3.212154e+01 
                  -3.217876e+01 
-3.786803e+01 
-3.768623e+01 
-3.773034e+01 
-3.760100e+01 
-3.772855e+01 
-3.764272e+01 
-3.777802e+01 
-3.783346e+01 
                  -3.232241e+01 
                  -3.218294e+01 
                  -3.220499e+01 
                  -3.210068e+01 
                  -3.220797e+01 
                  -3.214002e+01 
                  -3.224433e+01 
                  -3.229499e+01 
-3.767550e+01 
-3.751815e+01 
-3.755391e+01 
-3.768266e+01 
                  -3.216803e+01 
                  -3.203035e+01 
                  -3.206134e+01 
                  -3.216982e+01 
-3.785551e+01 
-3.784657e+01 
-3.787995e+01 
-3.764928e+01 
-3.758729e+01 
-3.770888e+01 
-3.775716e+01 
                  -3.231764e+01 
                  -3.231585e+01 
                  -3.233552e+01 
                  -3.214538e+01 
                  -3.208697e+01 
                  -3.217578e+01 
                  -3.222645e+01 
-3.765822e+01 
-3.770352e+01 
-3.752590e+01 
-3.755451e+01 
-3.773451e+01 
-3.795445e+01 
                  -3.215969e+01 
                  -3.219426e+01 
                  -3.205419e+01 
                  -3.205777e+01 
                  -3.220261e+01 
                  -3.239096e+01 
-3.793300e+01 
-3.772021e+01 
-3.761113e+01 
-3.760338e+01 
-3.757179e+01 
                  -3.238917e+01 
                  -3.220857e+01 
                  -3.211022e+01 
                  -3.210068e+01 
                  -3.207267e+01 
-3.770233e+01 
-3.780425e+01 
-3.773928e+01 
-3.754378e+01 
-3.766358e+01 
-3.783286e+01 
-3.767372e+01 
                  -3.217876e+01 
                  -3.226817e+01 
                  -3.222108e+01 
                  -3.205777e+01 
                  -3.215135e+01 
                  -3.229440e+01 
                  -3.216684e+01 
-3.776074e+01 
-3.784001e+01 
-3.767491e+01 
-3.756464e+01 
-3.769339e+01 
-3.775776e+01 
-3.765941e+01 
                  -3.222824e+01 
                  -3.229976e+01 
                  -3.216863e+01 
                  -3.207624e+01 
                  -3.217221e+01 
                  -3.222883e+01 
                  -3.216267e+01 
-3.774226e+01 
-3.770531e+01 
-3.754616e+01 
-3.759206e+01 
-3.779054e+01 
-3.777445e+01 
                  -3.221810e+01 
                  -3.219307e+01 
                  -3.206313e+01 
                  -3.209174e+01 
                  -3.225565e+01 
                  -3.225387e+01 
-3.775537e+01 
-3.782809e+01 
-3.768087e+01 
-3.765762e+01 
-3.756762e+01 
-3.767312e+01 
                  -3.223241e+01 
                  -3.228903e+01 
                  -3.217101e+01 
                  -3.215254e+01 
                  -3.208578e+01 
                  -3.216386e+01 
-3.772080e+01 
-3.768087e+01 
-3.754259e+01 
-3.770292e+01 
-3.773988e+01 
-3.779233e+01 
                  -3.220439e+01 
                  -3.216863e+01 
                  -3.205717e+01 
                  -3.219486e+01 
                  -3.221989e+01 
                  -3.226400e+01 
-3.791929e+01 
-3.785193e+01 
-3.753543e+01 
-3.765464e+01 
-3.754080e+01 
                  -3.236592e+01 
                  -3.231168e+01 
                  -3.204883e+01 
                  -3.214538e+01 
                  -3.205300e+01 
-3.753782e+01 
-3.770352e+01 
-3.790796e+01 
-3.754557e+01 
-3.770292e+01 
-3.775478e+01 
-3.775895e+01 
                  -3.205300e+01 
                  -3.218532e+01 
                  -3.235639e+01 
                  -3.207267e+01 
                  -3.219128e+01 
                  -3.222526e+01 
                  -3.223122e+01 
-3.775120e+01 
-3.780663e+01 
-3.759861e+01 
-3.758491e+01 
-3.761888e+01 
                  -3.223002e+01 
                  -3.227592e+01 
                  -3.210187e+01 
                  -3.208459e+01 
                  -3.212333e+01 
-3.775478e+01 
-3.775895e+01 
-3.776432e+01 
-3.756404e+01 
-3.768981e+01 
-3.755808e+01 
-3.758252e+01 
                  -3.224135e+01 
                  -3.224790e+01 
                  -3.223718e+01 
                  -3.208518e+01 
                  -3.217221e+01 
                  -3.206969e+01 
                  -3.208399e+01 
-3.789008e+01 
-3.794730e+01 
-3.758610e+01 
-3.776908e+01 
-3.772676e+01 
-3.747583e+01 
                  -3.233970e+01 
                  -3.239036e+01 
                  -3.209234e+01 
                  -3.223241e+01 
                  -3.220618e+01 
                  -3.199757e+01 
-3.757716e+01 
-3.782869e+01 
-3.755808e+01 
-3.751100e+01 
-3.777326e+01 
-3.786147e+01 
                  -3.207386e+01 
                  -3.228784e+01 
                  -3.207565e+01 
                  -3.203452e+01 
                  -3.224194e+01 
                  -3.232658e+01 
-3.775120e+01 
-3.785313e+01 
-3.774465e+01 
-3.763080e+01 
-3.750861e+01 
-3.747404e+01 
                  -3.222883e+01 
                  -3.231705e+01 
                  -3.222704e+01 
                  -3.213823e+01 
                  -3.202975e+01 
                  -3.199220e+01 
-3.764391e+01 
-3.785134e+01 
-3.770471e+01 
-3.789187e+01 
-3.777743e+01 
-3.756524e+01 
-3.756166e+01 
                  -3.213406e+01 
                  -3.231109e+01 
                  -3.219724e+01 
                  -3.233970e+01 
                  -3.224790e+01 
                  -3.206432e+01 
                  -3.207148e+01 
-3.785432e+01 
-3.773451e+01 
-3.764272e+01 
-3.772974e+01 
-3.753186e+01 
                  -3.230513e+01 
                  -3.221631e+01 
                  -3.214062e+01 
                  -3.220618e+01 
                  -3.205419e+01 
-3.751696e+01 
-3.783346e+01 
-3.776849e+01 
-3.767133e+01 
-3.767312e+01 
-3.762246e+01 
                  -3.203869e+01 
                  -3.228963e+01 
                  -3.223777e+01 
                  -3.215850e+01 
                  -3.216923e+01 
                  -3.211975e+01 
-3.767431e+01 
-3.786982e+01 
-3.785730e+01 
-3.765047e+01 
-3.759385e+01 
-3.748715e+01 
                  -3.215731e+01 
                  -3.232122e+01 
                  -3.231347e+01 
                  -3.214598e+01 
                  -3.210783e+01 
                  -3.201366e+01 
-3.753484e+01 
-3.770471e+01 
-3.777683e+01 
-3.771127e+01 
-3.779769e+01 
-3.766120e+01 
                  -3.204883e+01 
                  -3.217936e+01 
                  -3.224731e+01 
                  -3.218770e+01 
                  -3.226221e+01 
                  -3.215313e+01 
-3.770113e+01 
-3.776432e+01 
-3.777564e+01 
-3.763199e+01 
-3.758550e+01 
-3.749967e+01 
                  -3.218174e+01 
                  -3.223956e+01 
                  -3.225089e+01 
                  -3.212810e+01 
                  -3.209949e+01 
                  -3.202022e+01 
-3.760696e+01 
-3.769458e+01 
-3.780544e+01 
-3.770292e+01 
-3.779114e+01 
-3.667355e+01 
                  -3.210605e+01 
                  -3.217698e+01 
                  -3.226936e+01 
                  -3.220261e+01 
                  -3.228188e+01 
                  -3.135145e+01 
-2.152264e+01 
-6.757975e+00 
-3.163815e+00 
-1.872778e+00 
-1.224280e+00 
                  -1.864195e+01 
                  -6.288291e+00 
                  -3.038049e+00 
                  -1.853705e+00 
                  -1.267195e+00 
-8.553268e-01 
-6.294251e-01 
-4.845858e-01 
-3.856421e-01 
                  -9.334088e-01 
                  -7.265807e-01 
                  -5.894900e-01 
                  -4.953147e-01 
-3.170967e-01 
-2.664328e-01 
-2.294779e-01 
-2.026558e-01 
-1.782179e-01 
-1.603365e-01 
                  -4.285574e-01 
                  -3.784895e-01 
                  -3.403426e-01 
                  -3.123284e-01 
                  -2.884865e-01 
                  -2.706051e-01 
-1.484156e-01 
-1.370907e-01 
-1.281500e-01 
-1.204014e-01 
-1.132488e-01 
-1.060963e-01 
                  -2.557040e-01 
                  -2.431870e-01 
                  -2.324581e-01 
                  -2.247095e-01 
                  -2.181530e-01 
                  -2.104044e-01 
-1.019240e-01 
-9.894372e-02 
-9.417535e-02 
-9.179116e-02 
-8.881093e-02 
-8.463861e-02 
-8.106233e-02 
                  -2.032519e-01 
                  -1.984835e-01 
                  -1.943112e-01 
                  -1.913309e-01 
                  -1.871586e-01 
                  -1.847744e-01 
                  -1.811981e-01 
-8.046628e-02 
-7.867814e-02 
-7.331372e-02 
-7.569791e-02 
-7.331372e-02 
-7.152558e-02 
                  -1.800060e-01 
                  -1.758337e-01 
                  -1.728535e-01 
                  -1.728535e-01 
                  -1.710654e-01 
                  -1.680851e-01 
-6.973744e-02 
-6.973744e-02 
-6.616116e-02 
-6.735326e-02 
-6.675721e-02 
-6.318093e-02 
                  -1.674891e-01 
                  -1.651049e-01 
                  -1.627207e-01 
                  -1.615286e-01 
                  -1.603365e-01 
                  -1.597405e-01 
-6.437302e-02 
-6.437302e-02 
-6.318093e-02 
-6.198884e-02 
-6.258488e-02 
-6.198884e-02 
                  -1.597405e-01 
                  -1.591444e-01 
                  -1.573563e-01 
                  -1.543760e-01 
                  -1.567602e-01 
                  -1.537800e-01 
-6.079674e-02 
-5.960465e-02 
-5.900861e-02 
-6.020070e-02 
-5.781651e-02 
-5.841256e-02 
                  -1.531840e-01 
                  -1.525879e-01 
                  -1.513958e-01 
                  -1.513958e-01 
                  -1.507998e-01 
                  -1.507998e-01 
-5.781651e-02 
-5.722047e-02 
-5.841256e-02 
-5.781651e-02 
-5.841256e-02 
-5.662442e-02 
                  -1.502037e-01 
                  -1.519919e-01 
                  -1.484156e-01 
                  -1.490116e-01 
                  -1.478195e-01 
                  -1.478195e-01 
-5.662442e-02 
-5.841256e-02 
-5.722047e-02 
-5.602837e-02 
-5.722047e-02 
-5.602837e-02 
                  -1.466274e-01 
                  -1.472235e-01 
                  -1.472235e-01 
                  -1.478195e-01 
                  -1.478195e-01 
                  -1.472235e-01 
-5.662442e-02 
-5.543233e-02 
-5.543233e-02 
-5.602837e-02 
                  -1.466274e-01 
                  -1.436472e-01 
                  -1.454354e-01 
                  -1.460314e-01 
-5.483628e-02 
-5.602837e-02 
-5.543233e-02 
-5.602837e-02 
-5.841256e-02 
-5.722047e-02 
                  -1.454354e-01 
                  -1.460314e-01 
                  -1.472235e-01 
                  -1.454354e-01 
                  -1.466274e-01 
                  -1.454354e-01 
-5.662442e-02 
-5.543233e-02 
-5.662442e-02 
-5.543233e-02 
-5.543233e-02 
                  -1.448393e-01 
                  -1.454354e-01 
                  -1.466274e-01 
                  -1.466274e-01 
                  -1.454354e-01 
-5.543233e-02 
-5.483628e-02 
-5.662442e-02 
-5.424023e-02 
-5.543233e-02 
-5.662442e-02 
                  -1.448393e-01 
                  -1.454354e-01 
                  -1.460314e-01 
                  -1.448393e-01 
                  -1.442433e-01 
                  -1.448393e-01 
-5.424023e-02 
-5.424023e-02 
-5.424023e-02 
-5.602837e-02 
-5.483628e-02 
-5.424023e-02 
                  -1.436472e-01 
                  -1.454354e-01 
                  -1.454354e-01 
                  -1.442433e-01 
                  -1.448393e-01 
                  -1.448393e-01 
-5.662442e-02 
-5.483628e-02 
-5.424023e-02 
-5.364419e-02 
-5.424023e-02 
-5.543233e-02 
-5.483628e-02 
                  -1.448393e-01 
                  -1.424551e-01 
                  -1.442433e-01 
                  -1.424551e-01 
                  -1.442433e-01 
                  -1.442433e-01 
                  -1.448393e-01 
-5.543233e-02 
-5.424023e-02 
-5.483628e-02 
-5.424023e-02 
-5.781651e-02 
-5.543233e-02 
                  -1.418591e-01 
                  -1.436472e-01 
                  -1.436472e-01 
                  -1.436472e-01 
                  -1.418591e-01 
                  -1.442433e-01 
-5.543233e-02 
-5.304814e-02 
-5.424023e-02 
-5.424023e-02 
-5.543233e-02 
-5.483628e-02 
                  -1.430512e-01 
                  -1.424551e-01 
                  -1.424551e-01 
                  -1.436472e-01 
                  -1.418591e-01 
                  -1.442433e-01 
-5.483628e-02 
-5.602837e-02 
-5.543233e-02 
-5.424023e-02 
-5.483628e-02 
-5.483628e-02 
                  -1.424551e-01 
                  -1.430512e-01 
                  -1.442433e-01 
                  -1.430512e-01 
                  -1.424551e-01 
                  -1.424551e-01 
-5.483628e-02 
-5.543233e-02 
-5.483628e-02 
-5.424023e-02 
-5.364419e-02 
                  -1.442433e-01 
                  -1.436472e-01 
                  -1.436472e-01 
                  -1.424551e-01 
                  -1.424551e-01 
-5.364419e-02 
-5.543233e-02 
-5.424023e-02 
-5.364419e-02 
                  -1.412630e-01 
                  -1.424551e-01 
                  -1.424551e-01 
                  -1.436472e-01 
-5.543233e-02 
-5.304814e-02 
-5.424023e-02 
-5.424023e-02 
-5.483628e-02 
                  -1.418591e-01 
                  -1.436472e-01 
                  -1.424551e-01 
                  -1.448393e-01 
                  -1.442433e-01 
-5.245209e-02 
-5.304814e-02 
-5.543233e-02 
-5.483628e-02 
-5.543233e-02 
                  -1.418591e-01 
                  -1.412630e-01 
                  -1.430512e-01 
                  -1.448393e-01 
                  -1.424551e-01 
-5.364419e-02 
-5.364419e-02 
-5.364419e-02 
-5.543233e-02 
-5.483628e-02 
                  -1.430512e-01 
                  -1.430512e-01 
                  -1.424551e-01 
                  -1.430512e-01 
                  -1.424551e-01 
-5.483628e-02 
-5.543233e-02 
-5.483628e-02 
-5.543233e-02 
-5.424023e-02 
-5.483628e-02 
                  -1.424551e-01 
                  -1.424551e-01 
                  -1.430512e-01 
                  -1.418591e-01 
                  -1.430512e-01 
                  -1.430512e-01 
-5.424023e-02 
-5.304814e-02 
-5.483628e-02 
-5.364419e-02 
-5.543233e-02 
-5.364419e-02 
-5.245209e-02 
                  -1.430512e-01 
                  -1.424551e-01 
                  -1.412630e-01 
                  -1.424551e-01 
                  -1.430512e-01 
                  -1.424551e-01 
                  -1.424551e-01 
-5.364419e-02 
-5.364419e-02 
-5.304814e-02 
-5.483628e-02 
-5.304814e-02 
-5.424023e-02 
                  -1.424551e-01 
                  -1.430512e-01 
                  -1.412630e-01 
                  -1.394749e-01 
                  -1.436472e-01 
                  -1.418591e-01 
-5.424023e-02 
-5.483628e-02 
-5.424023e-02 
-5.483628e-02 
-5.543233e-02 
-5.483628e-02 
-5.424023e-02 
                  -1.424551e-01 
                  -1.436472e-01 
                  -1.424551e-01 
                  -1.412630e-01 
                  -1.406670e-01 
                  -1.430512e-01 
                  -1.394749e-01 
-5.424023e-02 
-5.483628e-02 
-5.543233e-02 
-5.304814e-02 
                  -1.424551e-01 
                  -1.430512e-01 
                  -1.430512e-01 
                  -1.406670e-01 
-5.424023e-02 
-5.364419e-02 
-5.245209e-02 
-5.304814e-02 
-5.364419e-02 
-5.364419e-02 
-5.543233e-02 
                  -1.418591e-01 
                  -1.418591e-01 
                  -1.418591e-01 
                  -1.424551e-01 
                  -1.424551e-01 
                  -1.430512e-01 
                  -1.424551e-01 
-5.364419e-02 
-5.304814e-02 
-5.364419e-02 
-5.364419e-02 
-5.483628e-02 
-5.424023e-02 
                  -1.418591e-01 
                  -1.418591e-01 
                  -1.424551e-01 
                  -1.406670e-01 
                  -1.430512e-01 
                  -1.406670e-01 
-5.602837e-02 
-5.483628e-02 
-5.424023e-02 
-5.424023e-02 
                  -1.436472e-01 
                  -1.418591e-01 
                  -1.418591e-01 
                  -1.436472e-01 
-5.424023e-02 
-5.364419e-02 
-5.543233e-02 
-5.424023e-02 
-5.424023e-02 
-5.543233e-02 
                  -1.406670e-01 
                  -1.418591e-01 
                  -1.412630e-01 
                  -1.436472e-01 
                  -1.430512e-01 
                  -1.418591e-01 
-5.424023e-02 
-5.543233e-02 
-5.364419e-02 
-5.364419e-02 
-5.424023e-02 
-5.662442e-02 
                  -1.418591e-01 
                  -1.412630e-01 
                  -1.424551e-01 
                  -1.418591e-01 
                  -1.406670e-01 
                  -1.412630e-01 
-5.364419e-02 
-5.543233e-02 
-5.483628e-02 
-5.364419e-02 
-5.364419e-02 
                  -1.430512e-01 
                  -1.442433e-01 
                  -1.424551e-01 
                  -1.424551e-01 
                  -1.442433e-01 
-5.424023e-02 
-5.483628e-02 
-5.424023e-02 
-5.424023e-02 
-5.424023e-02 
-5.424023e-02 
-5.364419e-02 
                  -1.424551e-01 
                  -1.418591e-01 
                  -1.436472e-01 
                  -1.418591e-01 
                  -1.400709e-01 
                  -1.412630e-01 
                  -1.424551e-01 
-5.543233e-02 
-5.424023e-02 
-5.245209e-02 
-5.364419e-02 
-5.245209e-02 
-5.543233e-02 
-5.483628e-02 
                  -1.412630e-01 
                  -1.412630e-01 
                  -1.412630e-01 
                  -1.412630e-01 
                  -1.424551e-01 
                  -1.424551e-01 
                  -1.412630e-01 
-5.424023e-02 
-5.364419e-02 
-5.483628e-02 
-5.364419e-02 
-5.245209e-02 
-5.424023e-02 
                  -1.418591e-01 
                  -1.430512e-01 
                  -1.424551e-01 
                  -1.424551e-01 
                  -1.424551e-01 
                  -1.424551e-01 
