3.576279e-03 
7.152558e-03 
2.980233e-03 
1.192093e-03 
2.980233e-03 
4.172326e-03 
1.788140e-03 
3.576279e-03 
3.576279e-03 
4.172326e-03 
2.980233e-03 
1.788140e-03 
3.576279e-03 
2.980233e-03 
3.576279e-03 
1.788140e-03 
1.192093e-03 
1.788140e-03 
6.556512e-03 
3.576279e-03 
3.576279e-03 
2.384186e-03 
1.788140e-03 
3.576279e-03 
4.768372e-03 
4.172326e-03 
4.172326e-03 
2.384186e-03 
2.980233e-03 
4.172326e-03 
4.172326e-03 
2.980233e-03 
2.980233e-03 
1.192093e-03 
2.980233e-03 
3.576279e-03 
4.172326e-03 
4.172326e-03 
2.384186e-03 
1.788140e-03 
2.980233e-03 
4.172326e-03 
5.960465e-03 
4.172326e-03 
4.768372e-03 
2.980233e-03 
4.172326e-03 
4.172326e-03 
4.768372e-03 
4.172326e-03 
2.384186e-03 
1.192093e-03 
4.172326e-03 
5.960465e-03 
4.172326e-03 
2.980233e-03 
2.980233e-03 
2.384186e-03 
5.364419e-03 
5.960465e-03 
3.576279e-03 
2.980233e-03 
2.980233e-03 
4.172326e-03 
4.768372e-03 
5.364419e-03 
5.960465e-03 
4.768372e-03 
1.788140e-03 
2.980233e-03 
4.172326e-03 
5.364419e-03 
4.172326e-03 
3.576279e-03 
2.384186e-03 
                  -8.702279e-02 
                  -8.583070e-02 
                  -8.583070e-02 
                  -8.642675e-02 
                  -8.642675e-02 
                  -8.642675e-02 
                  -8.702279e-02 
                  -8.583070e-02 
                  -8.642675e-02 
                  -8.404256e-02 
                  -8.761884e-02 
                  -8.583070e-02 
                  -8.583070e-02 
                  -8.583070e-02 
                  -8.702279e-02 
                  -8.702279e-02 
                  -8.583070e-02 
                  -8.583070e-02 
                  -8.583070e-02 
                  -8.642675e-02 
                  -8.642675e-02 
                  -8.702279e-02 
                  -8.642675e-02 
                  -8.702279e-02 
                  -8.702279e-02 
                  -8.523465e-02 
                  -8.463861e-02 
                  -8.642675e-02 
                  -8.761884e-02 
                  -8.821488e-02 
                  -8.583070e-02 
                  -8.523465e-02 
                  -8.702279e-02 
                  -8.642675e-02 
                  -8.642675e-02 
                  -8.583070e-02 
                  -8.642675e-02 
                  -8.583070e-02 
                  -8.463861e-02 
                  -8.761884e-02 
                  -8.642675e-02 
                  -8.463861e-02 
                  -8.404256e-02 
                  -8.523465e-02 
                  -8.523465e-02 
                  -8.642675e-02 
                  -8.702279e-02 
                  -8.642675e-02 
                  -8.702279e-02 
                  -8.642675e-02 
                  -8.523465e-02 
                  -8.463861e-02 
                  -8.463861e-02 
                  -8.523465e-02 
                  -8.523465e-02 
                  -8.642675e-02 
                  -8.583070e-02 
                  -8.583070e-02 
                  -8.463861e-02 
                  -8.404256e-02 
                  -8.523465e-02 
                  -8.523465e-02 
                  -8.583070e-02 
                  -8.642675e-02 
                  -8.463861e-02 
                  -8.702279e-02 
                  -8.583070e-02 
                  -8.404256e-02 
                  -8.404256e-02 
                  -8.463861e-02 
                  -8.702279e-02 
                  -8.583070e-02 
                  -8.583070e-02 
                  -8.463861e-02 
                  -8.821488e-02 
2.980233e-03 
3.576279e-03 
2.384186e-03 
2.980233e-03 
2.384186e-03 
2.980233e-03 
2.384186e-03 
4.768372e-03 
3.576279e-03 
3.576279e-03 
2.980233e-03 
3.576279e-03 
3.576279e-03 
4.172326e-03 
5.364419e-03 
2.980233e-03 
2.384186e-03 
4.172326e-03 
2.980233e-03 
4.768372e-03 
2.980233e-03 
3.576279e-03 
2.980233e-03 
2.980233e-03 
2.980233e-03 
5.364419e-03 
4.768372e-03 
                  -8.702279e-02 
                  -8.702279e-02 
                  -8.463861e-02 
                  -8.523465e-02 
                  -8.702279e-02 
                  -8.583070e-02 
                  -8.642675e-02 
                  -8.702279e-02 
                  -8.583070e-02 
                  -8.463861e-02 
                  -8.523465e-02 
                  -8.642675e-02 
                  -8.642675e-02 
                  -8.523465e-02 
                  -8.463861e-02 
                  -8.583070e-02 
                  -8.761884e-02 
                  -8.702279e-02 
                  -8.702279e-02 
                  -8.523465e-02 
                  -8.642675e-02 
                  -8.523465e-02 
                  -8.642675e-02 
                  -8.523465e-02 
                  -8.523465e-02 
                  -8.523465e-02 
                  -8.642675e-02 
3.576279e-03 
3.576279e-03 
3.576279e-03 
2.980233e-03 
5.364419e-03 
2.384186e-03 
3.576279e-03 
                  -8.523465e-02 
                  -8.642675e-02 
                  -8.463861e-02 
                  -8.404256e-02 
                  -8.642675e-02 
                  -8.523465e-02 
                  -8.583070e-02 
2.980233e-03 
4.768372e-03 
2.980233e-03 
4.768372e-03 
                  -8.523465e-02 
                  -8.404256e-02 
                  -8.404256e-02 
                  -8.463861e-02 
4.768372e-03 
3.576279e-03 
4.172326e-03 
3.576279e-03 
4.172326e-03 
3.576279e-03 
                  -8.523465e-02 
                  -8.523465e-02 
                  -8.523465e-02 
                  -8.642675e-02 
                  -8.463861e-02 
                  -8.583070e-02 
2.384186e-03 
3.576279e-03 
2.384186e-03 
2.980233e-03 
4.172326e-03 
                  -8.642675e-02 
                  -8.642675e-02 
                  -8.702279e-02 
                  -8.642675e-02 
                  -8.583070e-02 
5.364419e-03 
4.172326e-03 
2.384186e-03 
2.980233e-03 
2.980233e-03 
6.556512e-03 
                  -8.583070e-02 
                  -8.642675e-02 
                  -8.583070e-02 
                  -8.583070e-02 
                  -8.463861e-02 
                  -8.404256e-02 
4.172326e-03 
4.768372e-03 
2.384186e-03 
3.576279e-03 
3.576279e-03 
5.960465e-03 
                  -8.702279e-02 
                  -8.523465e-02 
                  -8.642675e-02 
                  -8.463861e-02 
                  -8.463861e-02 
                  -8.523465e-02 
4.172326e-03 
4.768372e-03 
3.576279e-03 
4.768372e-03 
4.172326e-03 
4.768372e-03 
                  -8.463861e-02 
                  -8.583070e-02 
                  -8.583070e-02 
                  -8.523465e-02 
                  -8.523465e-02 
                  -8.463861e-02 
4.768372e-03 
2.980233e-03 
4.172326e-03 
4.768372e-03 
4.768372e-03 
                  -8.523465e-02 
                  -8.285047e-02 
                  -8.523465e-02 
                  -8.523465e-02 
                  -8.523465e-02 
5.960465e-03 
4.768372e-03 
4.172326e-03 
3.576279e-03 
4.172326e-03 
                  -8.463861e-02 
                  -8.463861e-02 
                  -8.583070e-02 
                  -8.583070e-02 
                  -8.404256e-02 
2.980233e-03 
4.172326e-03 
2.980233e-03 
2.980233e-03 
1.788140e-03 
                  -8.523465e-02 
                  -8.702279e-02 
                  -8.463861e-02 
                  -8.583070e-02 
                  -8.702279e-02 
4.172326e-03 
4.768372e-03 
3.576279e-03 
5.364419e-03 
2.980233e-03 
                  -8.523465e-02 
                  -8.583070e-02 
                  -8.702279e-02 
                  -8.702279e-02 
                  -8.702279e-02 
4.172326e-03 
2.980233e-03 
4.172326e-03 
2.980233e-03 
2.980233e-03 
                  -8.702279e-02 
                  -8.523465e-02 
                  -8.523465e-02 
                  -8.642675e-02 
                  -8.583070e-02 
2.384186e-03 
3.576279e-03 
2.980233e-03 
3.576279e-03 
4.768372e-03 
2.980233e-03 
                  -8.702279e-02 
                  -8.642675e-02 
                  -8.583070e-02 
                  -8.642675e-02 
                  -8.463861e-02 
                  -8.463861e-02 
1.788140e-03 
3.576279e-03 
4.172326e-03 
5.960465e-03 
4.172326e-03 
4.768372e-03 
2.384186e-03 
                  -8.583070e-02 
                  -8.463861e-02 
                  -8.523465e-02 
                  -8.523465e-02 
                  -8.523465e-02 
                  -8.523465e-02 
                  -8.702279e-02 
3.576279e-03 
4.172326e-03 
4.768372e-03 
4.172326e-03 
4.768372e-03 
4.172326e-03 
                  -8.583070e-02 
                  -8.583070e-02 
                  -8.642675e-02 
                  -8.583070e-02 
                  -8.523465e-02 
                  -8.583070e-02 
4.768372e-03 
4.172326e-03 
5.960465e-03 
3.576279e-03 
4.768372e-03 
                  -8.404256e-02 
                  -8.583070e-02 
                  -8.583070e-02 
                  -8.583070e-02 
                  -8.583070e-02 
2.384186e-03 
2.980233e-03 
4.768372e-03 
4.172326e-03 
4.172326e-03 
4.172326e-03 
                  -8.642675e-02 
                  -8.463861e-02 
                  -8.642675e-02 
                  -8.523465e-02 
                  -8.821488e-02 
                  -8.583070e-02 
3.576279e-03 
3.576279e-03 
4.768372e-03 
4.768372e-03 
4.768372e-03 
4.768372e-03 
2.384186e-03 
                  -8.463861e-02 
                  -8.463861e-02 
                  -8.642675e-02 
                  -8.642675e-02 
                  -8.583070e-02 
                  -8.702279e-02 
                  -8.463861e-02 
4.768372e-03 
5.960465e-03 
6.556512e-03 
6.556512e-03 
5.364419e-03 
3.576279e-03 
                  -8.642675e-02 
                  -8.404256e-02 
                  -8.463861e-02 
                  -8.463861e-02 
                  -8.583070e-02 
                  -8.583070e-02 
2.980233e-03 
6.556512e-03 
4.768372e-03 
4.172326e-03 
4.172326e-03 
2.384186e-03 
                  -8.463861e-02 
                  -8.463861e-02 
                  -8.583070e-02 
                  -8.642675e-02 
                  -8.523465e-02 
                  -8.642675e-02 
2.980233e-03 
4.768372e-03 
5.364419e-03 
5.364419e-03 
4.172326e-03 
2.980233e-03 
                  -8.523465e-02 
                  -8.523465e-02 
                  -8.463861e-02 
                  -8.583070e-02 
                  -8.642675e-02 
                  -8.642675e-02 
5.960465e-03 
6.556512e-03 
5.364419e-03 
3.576279e-03 
3.576279e-03 
                  -8.583070e-02 
                  -8.642675e-02 
                  -8.642675e-02 
                  -8.642675e-02 
                  -8.523465e-02 
4.172326e-03 
1.788140e-03 
4.768372e-03 
4.768372e-03 
4.172326e-03 
2.980233e-03 
                  -8.702279e-02 
                  -8.583070e-02 
                  -8.642675e-02 
                  -8.523465e-02 
                  -8.523465e-02 
                  -8.463861e-02 
4.172326e-03 
6.556512e-03 
4.768372e-03 
4.172326e-03 
4.768372e-03 
2.384186e-03 
3.576279e-03 
                  -8.463861e-02 
                  -8.344651e-02 
                  -8.523465e-02 
                  -8.523465e-02 
                  -8.523465e-02 
                  -8.463861e-02 
                  -8.523465e-02 
5.960465e-03 
5.364419e-03 
5.364419e-03 
5.960465e-03 
2.384186e-03 
-5.602837e-02 
                  -8.404256e-02 
                  -8.642675e-02 
                  -8.523465e-02 
                  -8.702279e-02 
                  -8.642675e-02 
                  -1.418591e-01 
-1.925230e-01 
-2.497435e-01 
-2.741814e-01 
-2.926588e-01 
-2.962351e-01 
                  -2.872944e-01 
                  -3.761054e-01 
                  -4.166365e-01 
                  -4.374981e-01 
                  -4.380942e-01 
-2.819300e-01 
-2.574921e-01 
-2.306700e-01 
-2.098084e-01 
-1.960993e-01 
-1.877547e-01 
-1.895428e-01 
                  -4.190207e-01 
                  -3.886223e-01 
                  -3.564358e-01 
                  -3.296137e-01 
                  -3.111363e-01 
                  -2.986193e-01 
                  -2.980233e-01 
-4.303456e-01 
-4.241467e+00 
-6.616116e+00 
-6.732941e+00 
-6.707311e+00 
-6.706715e+00 
-6.694794e+00 
                  -3.892184e-01 
                  -3.648997e+00 
                  -6.786586e+00 
                  -7.008315e+00 
                  -6.988049e+00 
                  -6.977917e+00 
                  -6.963611e+00 
-6.692410e+00 
-6.697179e+00 
-6.718040e+00 
-6.711484e+00 
-6.707908e+00 
                  -6.951691e+00 
                  -6.954671e+00 
                  -6.971956e+00 
                  -6.957055e+00 
                  -6.949306e+00 
-6.701351e+00 
-6.679893e+00 
-6.699563e+00 
-6.746651e+00 
-6.731153e+00 
-6.718636e+00 
-6.724001e+00 
                  -6.940962e+00 
                  -6.908775e+00 
                  -6.929041e+00 
                  -6.977321e+00 
                  -6.960035e+00 
                  -6.944538e+00 
                  -6.952287e+00 
-6.688238e+00 
-6.670953e+00 
-6.706119e+00 
-6.706119e+00 
-6.712676e+00 
-6.727577e+00 
                  -6.912948e+00 
                  -6.887914e+00 
                  -6.926657e+00 
                  -6.929041e+00 
                  -6.933213e+00 
                  -6.946922e+00 
-6.726981e+00 
-6.711484e+00 
-6.735922e+00 
-6.742478e+00 
-6.710292e+00 
-6.703139e+00 
                  -6.948114e+00 
                  -6.929637e+00 
                  -6.954671e+00 
                  -6.961823e+00 
                  -6.928445e+00 
                  -6.916524e+00 
-6.700159e+00 
-6.684662e+00 
-6.719828e+00 
-6.735326e+00 
-6.738306e+00 
-6.734134e+00 
                  -6.917716e+00 
                  -6.899238e+00 
                  -6.936789e+00 
                  -6.955267e+00 
                  -6.955863e+00 
                  -6.951095e+00 
-6.715656e+00 
-6.703139e+00 
-6.741286e+00 
-6.743074e+00 
                  -6.931425e+00 
                  -6.918312e+00 
                  -6.956459e+00 
                  -6.959439e+00 
-6.731749e+00 
-6.721021e+00 
-6.713868e+00 
-6.700755e+00 
-6.716252e+00 
-6.749035e+00 
-6.725193e+00 
                  -6.950498e+00 
                  -6.938578e+00 
                  -6.930233e+00 
                  -6.915332e+00 
                  -6.930233e+00 
                  -6.964804e+00 
                  -6.943346e+00 
-6.732941e+00 
-6.728173e+00 
-6.721617e+00 
-6.746651e+00 
-6.754399e+00 
-6.736518e+00 
                  -6.948114e+00 
                  -6.946326e+00 
                  -6.936789e+00 
                  -6.963611e+00 
                  -6.972552e+00 
                  -6.948710e+00 
-6.727577e+00 
-6.723405e+00 
-6.722809e+00 
-6.698371e+00 
-6.725193e+00 
                  -6.945134e+00 
                  -6.939770e+00 
                  -6.938578e+00 
                  -6.911159e+00 
                  -6.940962e+00 
-6.752611e+00 
-6.754399e+00 
-6.736518e+00 
-6.742478e+00 
-6.750227e+00 
-6.728173e+00 
                  -6.969572e+00 
                  -6.971360e+00 
                  -6.954671e+00 
                  -6.958247e+00 
                  -6.969572e+00 
                  -6.943346e+00 
-6.737710e+00 
-6.749035e+00 
-6.727577e+00 
-6.709696e+00 
-6.740094e+00 
-6.728173e+00 
                  -6.952883e+00 
                  -6.965400e+00 
                  -6.946326e+00 
                  -6.921292e+00 
                  -6.955267e+00 
                  -6.943346e+00 
-6.729961e+00 
-6.777049e+00 
-6.753803e+00 
-6.730557e+00 
-6.743074e+00 
                  -6.943942e+00 
                  -6.998182e+00 
                  -6.972552e+00 
                  -6.945134e+00 
                  -6.956459e+00 
-6.747843e+00 
-6.746651e+00 
-6.744266e+00 
-6.759764e+00 
-6.721617e+00 
                  -6.963015e+00 
                  -6.960631e+00 
                  -6.955863e+00 
                  -6.976725e+00 
                  -6.933809e+00 
-6.719828e+00 
-6.729365e+00 
-6.758571e+00 
-6.782413e+00 
-6.742478e+00 
-6.740094e+00 
                  -6.931425e+00 
                  -6.944538e+00 
                  -6.973148e+00 
                  -6.999374e+00 
                  -6.958247e+00 
                  -6.952287e+00 
-6.752611e+00 
-6.740094e+00 
-6.743670e+00 
-6.776453e+00 
-6.750227e+00 
-6.724001e+00 
-6.735922e+00 
                  -6.964208e+00 
                  -6.955267e+00 
                  -6.956459e+00 
                  -6.994010e+00 
                  -6.964208e+00 
                  -6.937981e+00 
                  -6.951095e+00 
-6.745458e+00 
-6.732345e+00 
-6.754995e+00 
-6.769896e+00 
-6.753207e+00 
-6.754995e+00 
                  -6.961227e+00 
                  -6.946326e+00 
                  -6.971956e+00 
                  -6.988645e+00 
                  -6.970764e+00 
                  -6.971360e+00 
-6.777049e+00 
-6.737114e+00 
-6.751419e+00 
-6.747843e+00 
-6.729961e+00 
-6.729365e+00 
                  -6.992222e+00 
                  -6.952287e+00 
                  -6.965400e+00 
                  -6.960631e+00 
                  -6.940962e+00 
                  -6.943942e+00 
-6.731749e+00 
-6.759764e+00 
-6.794334e+00 
-6.765724e+00 
-6.744266e+00 
-6.750823e+00 
-6.763936e+00 
                  -6.946922e+00 
                  -6.975532e+00 
                  -7.013679e+00 
                  -6.985069e+00 
                  -6.961227e+00 
                  -6.964804e+00 
                  -6.982089e+00 
-6.735922e+00 
-6.746651e+00 
-6.768704e+00 
-6.732345e+00 
-6.743670e+00 
-6.763936e+00 
                  -6.950498e+00 
                  -6.960035e+00 
                  -6.986261e+00 
                  -6.948114e+00 
                  -6.962419e+00 
                  -6.982089e+00 
-6.752611e+00 
-6.756783e+00 
-6.766320e+00 
-6.754399e+00 
-6.760360e+00 
-6.768704e+00 
-6.759168e+00 
                  -6.969572e+00 
                  -6.973744e+00 
                  -6.982089e+00 
                  -6.970168e+00 
                  -6.977321e+00 
                  -6.985069e+00 
                  -6.980301e+00 
-6.755591e+00 
-6.756187e+00 
-6.752611e+00 
-6.732345e+00 
-6.738902e+00 
-6.727577e+00 
                  -6.972552e+00 
                  -6.974936e+00 
                  -6.970764e+00 
                  -6.946326e+00 
                  -6.958843e+00 
                  -6.943346e+00 
-6.780625e+00 
-6.787182e+00 
-6.759764e+00 
-6.768704e+00 
-6.772877e+00 
-6.725193e+00 
-6.734134e+00 
-6.768108e+00 
                  -6.998778e+00 
                  -7.005931e+00 
                  -6.980301e+00 
                  -6.986261e+00 
                  -6.992818e+00 
                  -6.939770e+00 
                  -6.950498e+00 
                  -6.985069e+00 
-6.756187e+00 
-6.745458e+00 
-6.758571e+00 
-6.736518e+00 
-6.738902e+00 
-6.783605e+00 
-6.794930e+00 
                  -6.974340e+00 
                  -6.960035e+00 
                  -6.974936e+00 
                  -6.952287e+00 
                  -6.953479e+00 
                  -7.000566e+00 
                  -7.016064e+00 
-6.756783e+00 
-6.763340e+00 
-6.745458e+00 
-6.744266e+00 
-6.741882e+00 
-6.767512e+00 
                  -6.976725e+00 
                  -6.981493e+00 
                  -6.963611e+00 
                  -6.961823e+00 
                  -6.960035e+00 
                  -6.988049e+00 
-6.760956e+00 
-6.722809e+00 
-6.749631e+00 
-6.780029e+00 
-6.772877e+00 
                  -6.982685e+00 
                  -6.938578e+00 
                  -6.966592e+00 
                  -7.001758e+00 
                  -6.993414e+00 
-6.768108e+00 
-6.764532e+00 
-6.768704e+00 
-6.741286e+00 
-6.746054e+00 
-6.756187e+00 
                  -6.988645e+00 
                  -6.983281e+00 
                  -6.988645e+00 
                  -6.961823e+00 
                  -6.964208e+00 
                  -6.975532e+00 
-6.750823e+00 
-6.762744e+00 
-6.766320e+00 
-6.747843e+00 
-6.753207e+00 
-6.760956e+00 
-6.774665e+00 
                  -6.967188e+00 
                  -6.979705e+00 
                  -6.989838e+00 
                  -6.966592e+00 
                  -6.971956e+00 
                  -6.980301e+00 
                  -6.999374e+00 
-6.770492e+00 
-6.766916e+00 
-6.762744e+00 
-6.746651e+00 
-6.743074e+00 
                  -6.991626e+00 
                  -6.990434e+00 
                  -6.982089e+00 
                  -6.968380e+00 
                  -6.960035e+00 
-6.754399e+00 
-6.757975e+00 
-6.747247e+00 
-6.737710e+00 
-6.764532e+00 
-6.780625e+00 
-6.766320e+00 
                  -6.974936e+00 
                  -6.978513e+00 
                  -6.966592e+00 
                  -6.956459e+00 
                  -6.983877e+00 
                  -7.002355e+00 
                  -6.989241e+00 
-6.783009e+00 
-6.788374e+00 
-6.747247e+00 
-6.717444e+00 
-6.734134e+00 
-6.756187e+00 
                  -7.002951e+00 
                  -7.011891e+00 
                  -6.965996e+00 
                  -6.933809e+00 
                  -6.954075e+00 
                  -6.978513e+00 
-6.760956e+00 
-6.780029e+00 
-6.760956e+00 
-6.746054e+00 
-6.760956e+00 
                  -6.983281e+00 
                  -7.004143e+00 
                  -6.982685e+00 
                  -6.965996e+00 
                  -6.982089e+00 
-6.762148e+00 
-6.777049e+00 
-6.760956e+00 
-6.763340e+00 
-6.747247e+00 
-6.749035e+00 
-6.749631e+00 
                  -6.982685e+00 
                  -6.998778e+00 
                  -6.980301e+00 
                  -6.986261e+00 
                  -6.971956e+00 
                  -6.973148e+00 
                  -6.970764e+00 
-6.764532e+00 
-6.762744e+00 
-6.747843e+00 
-6.734730e+00 
-6.773473e+00 
-6.763936e+00 
                  -6.985069e+00 
                  -6.981493e+00 
                  -6.967188e+00 
                  -6.954671e+00 
                  -6.996990e+00 
                  -6.986261e+00 
-6.780625e+00 
-6.791950e+00 
-6.762148e+00 
-6.723405e+00 
-6.737710e+00 
                  -7.001758e+00 
                  -7.014871e+00 
                  -6.987453e+00 
                  -6.945134e+00 
                  -6.961227e+00 
-6.748439e+00 
-6.765128e+00 
-6.763340e+00 
-6.763340e+00 
-6.747843e+00 
-6.775261e+00 
-6.766916e+00 
                  -6.970764e+00 
                  -6.985069e+00 
                  -6.983281e+00 
                  -6.986857e+00 
                  -6.967188e+00 
                  -6.998778e+00 
                  -6.991030e+00 
-6.765128e+00 
-6.783009e+00 
-6.761552e+00 
-6.720424e+00 
-6.763340e+00 
-6.740094e+00 
                  -6.984473e+00 
                  -7.010103e+00 
                  -6.986857e+00 
                  -6.942154e+00 
                  -6.988049e+00 
                  -6.966592e+00 
-6.740690e+00 
-6.775857e+00 
-6.759764e+00 
-6.748439e+00 
-6.783605e+00 
-6.771088e+00 
-6.749035e+00 
                  -6.961823e+00 
                  -7.001758e+00 
                  -6.985069e+00 
                  -6.969572e+00 
                  -7.005931e+00 
                  -6.994010e+00 
                  -6.970764e+00 
-6.778241e+00 
-6.781817e+00 
-6.726981e+00 
-6.747843e+00 
-6.755591e+00 
-6.745458e+00 
                  -7.001758e+00 
                  -7.007719e+00 
                  -6.949902e+00 
                  -6.969572e+00 
                  -6.977917e+00 
                  -6.966592e+00 
-6.753803e+00 
-6.775857e+00 
-6.765128e+00 
-6.772877e+00 
-6.747247e+00 
                  -6.975532e+00 
                  -7.001758e+00 
                  -6.992222e+00 
                  -7.000566e+00 
                  -6.972552e+00 
-6.747843e+00 
-6.777049e+00 
-6.781221e+00 
-6.754995e+00 
-6.760360e+00 
-6.740094e+00 
                  -6.974340e+00 
                  -7.004143e+00 
                  -7.009507e+00 
                  -6.983281e+00 
                  -6.983281e+00 
                  -6.961227e+00 
-6.724597e+00 
-6.754399e+00 
-6.787182e+00 
-6.750227e+00 
-6.756187e+00 
                  -6.944538e+00 
                  -6.975532e+00 
                  -7.013679e+00 
                  -6.976725e+00 
                  -6.985069e+00 
-6.787182e+00 
-6.771685e+00 
-6.762148e+00 
-6.790758e+00 
-6.757379e+00 
-6.712080e+00 
-6.741286e+00 
                  -7.014871e+00 
                  -6.996394e+00 
                  -6.988049e+00 
                  -7.021428e+00 
                  -6.982089e+00 
                  -6.929637e+00 
                  -6.965400e+00 
-6.737710e+00 
-6.762148e+00 
-6.786586e+00 
-6.783605e+00 
-6.778241e+00 
                  -6.962419e+00 
                  -6.991030e+00 
                  -7.014871e+00 
                  -7.007719e+00 
                  -7.004143e+00 
-6.750227e+00 
-6.748439e+00 
-6.768108e+00 
-6.762148e+00 
-6.765724e+00 
                  -6.974936e+00 
                  -6.973148e+00 
                  -6.992818e+00 
                  -6.986857e+00 
                  -6.994606e+00 
-6.743670e+00 
-6.757975e+00 
-6.735326e+00 
-6.769896e+00 
-6.775261e+00 
-6.737710e+00 
                  -6.966592e+00 
                  -6.980897e+00 
                  -6.961227e+00 
                  -6.997586e+00 
                  -7.002951e+00 
                  -6.960631e+00 
-6.756783e+00 
-6.786586e+00 
-6.764532e+00 
-6.771685e+00 
-6.775261e+00 
-6.765724e+00 
                  -6.982089e+00 
                  -7.014871e+00 
                  -6.991626e+00 
                  -7.000566e+00 
                  -7.002355e+00 
                  -6.992222e+00 
-6.732345e+00 
-6.747247e+00 
-6.734730e+00 
-6.753803e+00 
-6.759168e+00 
                  -6.957651e+00 
                  -6.973744e+00 
                  -6.958843e+00 
                  -6.978513e+00 
                  -6.982685e+00 
-6.782413e+00 
-6.781221e+00 
-6.772877e+00 
-6.765128e+00 
-6.763340e+00 
-6.753803e+00 
                  -7.007719e+00 
                  -7.008315e+00 
                  -6.997586e+00 
                  -6.992222e+00 
                  -6.990434e+00 
                  -6.980301e+00 
-6.753803e+00 
-6.758571e+00 
-6.757975e+00 
-6.732941e+00 
-6.760956e+00 
-6.756783e+00 
                  -6.982089e+00 
                  -6.985665e+00 
                  -6.988049e+00 
                  -6.957651e+00 
                  -6.988049e+00 
                  -6.986857e+00 
-6.771088e+00 
-6.768108e+00 
-6.793738e+00 
-6.758571e+00 
-6.735922e+00 
                  -6.999374e+00 
                  -6.995202e+00 
                  -7.022024e+00 
                  -6.986261e+00 
                  -6.961227e+00 
-6.759168e+00 
-6.783009e+00 
-6.753207e+00 
-6.750823e+00 
-6.743074e+00 
-6.756187e+00 
-6.735326e+00 
                  -6.984473e+00 
                  -7.015468e+00 
                  -6.981493e+00 
                  -6.977321e+00 
                  -6.971956e+00 
                  -6.983281e+00 
                  -6.960035e+00 
-6.777049e+00 
-6.788970e+00 
-6.778837e+00 
-6.749631e+00 
-6.752015e+00 
-6.765128e+00 
                  -7.005335e+00 
                  -7.016660e+00 
                  -7.008911e+00 
                  -6.977321e+00 
                  -6.976128e+00 
                  -6.994010e+00 
-6.759764e+00 
-6.757975e+00 
-6.777049e+00 
-6.727577e+00 
-6.740690e+00 
-6.753207e+00 
-6.765724e+00 
                  -6.989241e+00 
                  -6.985069e+00 
                  -7.004739e+00 
                  -6.953479e+00 
                  -6.966592e+00 
                  -6.982089e+00 
                  -6.991030e+00 
-6.788970e+00 
-6.797315e+00 
-6.759168e+00 
-6.740094e+00 
-6.768108e+00 
-6.765128e+00 
                  -7.017852e+00 
                  -7.027388e+00 
                  -6.988645e+00 
                  -6.964804e+00 
                  -6.997586e+00 
                  -6.998182e+00 
-6.749631e+00 
-6.759168e+00 
-6.748439e+00 
-6.724001e+00 
-6.771088e+00 
-6.771088e+00 
                  -6.976725e+00 
                  -6.986261e+00 
                  -6.975532e+00 
                  -6.947518e+00 
                  -7.002951e+00 
                  -7.004143e+00 
-6.769896e+00 
-6.798507e+00 
-6.774665e+00 
-6.750227e+00 
-6.749631e+00 
-6.741882e+00 
                  -6.999374e+00 
                  -7.030965e+00 
                  -7.007123e+00 
                  -6.980897e+00 
                  -6.979109e+00 
                  -6.972552e+00 
-6.761552e+00 
-6.761552e+00 
-6.753207e+00 
-6.744266e+00 
-6.774665e+00 
                  -6.994606e+00 
                  -6.991626e+00 
                  -6.983281e+00 
                  -6.971956e+00 
                  -7.005335e+00 
-6.763340e+00 
-6.746651e+00 
-6.791354e+00 
-6.766320e+00 
-6.734134e+00 
                  -6.992222e+00 
                  -6.974936e+00 
                  -7.022024e+00 
                  -6.997586e+00 
                  -6.961823e+00 
-6.788970e+00 
-6.765724e+00 
-6.729961e+00 
-6.752015e+00 
-6.772877e+00 
                  -7.019640e+00 
                  -6.998778e+00 
                  -6.956459e+00 
                  -6.977917e+00 
                  -7.003547e+00 
-6.749035e+00 
-6.744862e+00 
-6.754399e+00 
-6.768108e+00 
-6.778837e+00 
-6.803871e+00 
                  -6.978513e+00 
                  -6.974340e+00 
                  -6.984473e+00 
                  -6.997586e+00 
                  -7.009507e+00 
                  -7.036925e+00 
-6.753803e+00 
-6.732345e+00 
-6.740690e+00 
-6.749035e+00 
                  -6.985069e+00 
                  -6.960035e+00 
                  -6.965400e+00 
                  -6.980301e+00 
-6.770492e+00 
-6.773473e+00 
-6.737114e+00 
-6.760956e+00 
-6.741286e+00 
-6.780029e+00 
                  -7.002951e+00 
                  -7.002951e+00 
                  -6.964804e+00 
                  -6.992222e+00 
                  -6.970764e+00 
                  -7.010699e+00 
-6.778837e+00 
-6.784798e+00 
-6.750823e+00 
-6.766916e+00 
-6.750227e+00 
-6.743074e+00 
                  -7.010103e+00 
                  -7.017852e+00 
                  -6.979705e+00 
                  -6.996990e+00 
                  -6.980301e+00 
                  -6.970168e+00 
-6.750823e+00 
-6.763936e+00 
-6.744266e+00 
-6.759168e+00 
-6.760360e+00 
-6.762744e+00 
-6.782413e+00 
                  -6.980897e+00 
                  -6.996394e+00 
                  -6.976725e+00 
                  -6.990434e+00 
                  -6.992222e+00 
                  -6.995202e+00 
                  -7.016660e+00 
-6.799699e+00 
-6.746054e+00 
-6.749035e+00 
-6.744266e+00 
-6.733538e+00 
                  -7.036329e+00 
                  -6.977917e+00 
                  -6.978513e+00 
                  -6.976725e+00 
                  -6.960035e+00 
-6.756783e+00 
-6.781817e+00 
-6.759764e+00 
-6.749035e+00 
-6.748439e+00 
-6.759764e+00 
                  -6.991030e+00 
                  -7.015468e+00 
                  -6.988645e+00 
                  -6.980301e+00 
                  -6.977321e+00 
                  -6.991030e+00 
-6.762744e+00 
-6.785990e+00 
-6.777049e+00 
-6.765128e+00 
-6.750823e+00 
                  -6.991626e+00 
                  -7.017256e+00 
                  -7.008315e+00 
                  -6.992818e+00 
                  -6.981493e+00 
-6.738306e+00 
-6.726385e+00 
-6.754399e+00 
-6.764532e+00 
-6.774069e+00 
-6.768108e+00 
-6.741882e+00 
                  -6.964804e+00 
                  -6.955267e+00 
                  -6.980897e+00 
                  -6.996990e+00 
                  -7.004739e+00 
                  -7.000566e+00 
                  -6.970168e+00 
-6.759764e+00 
-6.776453e+00 
-6.771685e+00 
-6.769896e+00 
-6.745458e+00 
-6.738306e+00 
                  -6.991030e+00 
                  -7.008315e+00 
                  -7.006527e+00 
                  -7.002355e+00 
                  -6.977321e+00 
                  -6.969572e+00 
-6.722213e+00 
-6.752611e+00 
-6.759764e+00 
-6.774069e+00 
-6.780625e+00 
                  -6.952287e+00 
                  -6.984473e+00 
                  -6.994010e+00 
                  -7.005931e+00 
                  -7.015468e+00 
-6.754399e+00 
-6.742478e+00 
-6.759168e+00 
-6.769300e+00 
-6.773473e+00 
                  -6.989241e+00 
                  -6.974340e+00 
                  -6.991030e+00 
                  -6.999970e+00 
                  -7.004739e+00 
-6.759764e+00 
-6.724001e+00 
-6.742478e+00 
-6.746054e+00 
-6.770492e+00 
-6.775857e+00 
                  -6.992818e+00 
                  -6.951691e+00 
                  -6.969572e+00 
                  -6.974936e+00 
                  -7.002951e+00 
                  -7.007719e+00 
-6.754399e+00 
-6.744266e+00 
-6.763340e+00 
-6.775857e+00 
-6.770492e+00 
-6.751419e+00 
                  -6.991030e+00 
                  -6.973148e+00 
                  -6.995798e+00 
                  -7.010699e+00 
                  -7.002951e+00 
                  -6.980897e+00 
-6.763936e+00 
-6.718040e+00 
-6.754995e+00 
-6.750823e+00 
-6.743074e+00 
-6.766320e+00 
-6.778837e+00 
                  -6.993414e+00 
                  -6.944538e+00 
                  -6.985069e+00 
                  -6.983877e+00 
                  -6.974340e+00 
                  -6.999970e+00 
                  -7.016064e+00 
-6.733538e+00 
-6.765128e+00 
-6.767512e+00 
-6.756187e+00 
-6.753803e+00 
-6.768704e+00 
-6.734730e+00 
                  -6.962419e+00 
                  -6.998182e+00 
                  -7.001758e+00 
                  -6.990434e+00 
                  -6.985069e+00 
                  -7.000566e+00 
                  -6.965400e+00 
-6.739498e+00 
-6.740094e+00 
-6.743670e+00 
-6.756783e+00 
-6.784798e+00 
                  -6.968976e+00 
                  -6.972552e+00 
                  -6.972552e+00 
                  -6.985069e+00 
                  -7.019044e+00 
-6.753803e+00 
-6.758571e+00 
-6.767512e+00 
-6.750227e+00 
-6.753207e+00 
-6.768108e+00 
                  -6.983877e+00 
                  -6.986857e+00 
                  -7.001758e+00 
                  -6.980301e+00 
                  -6.982089e+00 
                  -7.002355e+00 
-6.735326e+00 
-6.727577e+00 
-6.738902e+00 
-6.752015e+00 
-6.761552e+00 
                  -6.964804e+00 
                  -6.956459e+00 
                  -6.971360e+00 
                  -6.982685e+00 
                  -6.997586e+00 
-6.790758e+00 
-6.764532e+00 
-6.740690e+00 
-6.726981e+00 
-6.754399e+00 
                  -7.025600e+00 
                  -7.001162e+00 
                  -6.972552e+00 
                  -6.958247e+00 
                  -6.989241e+00 
-6.749035e+00 
-6.771088e+00 
-6.757379e+00 
-6.732941e+00 
-6.731749e+00 
-6.735326e+00 
                  -6.980301e+00 
                  -7.005931e+00 
                  -6.989838e+00 
                  -6.961823e+00 
                  -6.960035e+00 
                  -6.963611e+00 
-6.748439e+00 
-6.786586e+00 
-6.762148e+00 
-6.757379e+00 
-6.747247e+00 
                  -6.979109e+00 
                  -7.017256e+00 
                  -6.992818e+00 
                  -6.988645e+00 
                  -6.977321e+00 
-6.744862e+00 
-6.742478e+00 
-6.773473e+00 
-6.755591e+00 
-6.726981e+00 
-6.718636e+00 
                  -6.974340e+00 
                  -6.971360e+00 
                  -7.005931e+00 
                  -6.991626e+00 
                  -6.958843e+00 
                  -6.944538e+00 
-6.735326e+00 
-6.742478e+00 
-6.782413e+00 
-6.775261e+00 
-6.748439e+00 
-6.749631e+00 
                  -6.962419e+00 
                  -6.973148e+00 
                  -7.014275e+00 
                  -7.012487e+00 
                  -6.979109e+00 
                  -6.981493e+00 
-6.735922e+00 
-6.747247e+00 
-6.766916e+00 
-6.738306e+00 
-6.735922e+00 
-6.735326e+00 
-6.727577e+00 
                  -6.964208e+00 
                  -6.975532e+00 
                  -7.001162e+00 
                  -6.967784e+00 
                  -6.963611e+00 
                  -6.965996e+00 
                  -6.954075e+00 
-6.757975e+00 
-6.760360e+00 
-6.768108e+00 
-6.753803e+00 
-6.761552e+00 
                  -6.988049e+00 
                  -6.987453e+00 
                  -6.999970e+00 
                  -6.984473e+00 
                  -6.992222e+00 
-6.731153e+00 
-6.725789e+00 
-6.749631e+00 
-6.744862e+00 
-6.738902e+00 
-6.757379e+00 
                  -6.959439e+00 
                  -6.955267e+00 
                  -6.982685e+00 
                  -6.977321e+00 
                  -6.965996e+00 
                  -6.987453e+00 
-6.726981e+00 
-6.736518e+00 
-6.747843e+00 
-6.769300e+00 
-6.756783e+00 
-6.756187e+00 
                  -6.955267e+00 
                  -6.963611e+00 
                  -6.980301e+00 
                  -6.999374e+00 
                  -6.987453e+00 
                  -6.984473e+00 
-6.752015e+00 
-6.734134e+00 
-6.734730e+00 
-6.752015e+00 
-6.748439e+00 
-6.743074e+00 
                  -6.980897e+00 
                  -6.958843e+00 
                  -6.962419e+00 
                  -6.982685e+00 
                  -6.980301e+00 
                  -6.970168e+00 
-6.729365e+00 
-6.746054e+00 
-6.746054e+00 
-6.750227e+00 
-6.772877e+00 
-6.774665e+00 
                  -6.954075e+00 
                  -6.974340e+00 
                  -6.973148e+00 
                  -6.977917e+00 
                  -6.999970e+00 
                  -7.004739e+00 
-6.729961e+00 
-6.734730e+00 
-6.749035e+00 
-6.743670e+00 
-6.729961e+00 
-6.746651e+00 
                  -6.959439e+00 
                  -6.958843e+00 
                  -6.974340e+00 
                  -6.971360e+00 
                  -6.957055e+00 
                  -6.978513e+00 
-6.717444e+00 
-6.725193e+00 
-6.764532e+00 
-6.780625e+00 
-6.747843e+00 
-6.759168e+00 
                  -6.944538e+00 
                  -6.949306e+00 
                  -6.993414e+00 
                  -7.014871e+00 
                  -6.979705e+00 
                  -6.986261e+00 
-6.738306e+00 
-6.726385e+00 
-6.732345e+00 
-6.746054e+00 
-6.757379e+00 
                  -6.965996e+00 
                  -6.949902e+00 
                  -6.959439e+00 
                  -6.973148e+00 
                  -6.986857e+00 
-6.749631e+00 
-6.718636e+00 
-6.731749e+00 
-6.737710e+00 
-6.758571e+00 
                  -6.979109e+00 
                  -6.943346e+00 
                  -6.958843e+00 
                  -6.964208e+00 
                  -6.985665e+00 
-6.760956e+00 
-6.789566e+00 
-6.735922e+00 
-6.715060e+00 
-6.745458e+00 
-6.729365e+00 
                  -6.988049e+00 
                  -7.019044e+00 
                  -6.964804e+00 
                  -6.939174e+00 
                  -6.974340e+00 
                  -6.958247e+00 
-6.734134e+00 
-6.754995e+00 
-6.734134e+00 
-6.718636e+00 
-6.746651e+00 
                  -6.961823e+00 
                  -6.981493e+00 
                  -6.960035e+00 
                  -6.943346e+00 
                  -6.974936e+00 
-6.762148e+00 
-6.745458e+00 
-6.757975e+00 
-6.765128e+00 
-6.743074e+00 
                  -6.992222e+00 
                  -6.971956e+00 
                  -6.986857e+00 
                  -6.990434e+00 
                  -6.971956e+00 
-6.722809e+00 
-6.725193e+00 
-6.734730e+00 
-6.752611e+00 
-6.746651e+00 
                  -6.947518e+00 
                  -6.946326e+00 
                  -6.961823e+00 
                  -6.977321e+00 
                  -6.973744e+00 
-6.732941e+00 
-6.742478e+00 
-6.734134e+00 
-6.750823e+00 
-6.787182e+00 
-6.765128e+00 
-6.728173e+00 
                  -6.960035e+00 
                  -6.967784e+00 
                  -6.958843e+00 
                  -6.976725e+00 
                  -7.013679e+00 
                  -6.993414e+00 
                  -6.954075e+00 
-6.729961e+00 
-6.728173e+00 
-6.702543e+00 
-6.746651e+00 
-6.765128e+00 
                  -6.954671e+00 
                  -6.948710e+00 
                  -6.924272e+00 
                  -6.970168e+00 
                  -6.995202e+00 
-6.722809e+00 
-6.753207e+00 
-6.766320e+00 
-6.721617e+00 
-6.745458e+00 
-6.774069e+00 
                  -6.946326e+00 
                  -6.979705e+00 
                  -6.995798e+00 
                  -6.946922e+00 
                  -6.968380e+00 
                  -7.001162e+00 
-6.737710e+00 
-6.718040e+00 
-6.735922e+00 
-6.728173e+00 
-6.746651e+00 
-6.754399e+00 
                  -6.962419e+00 
                  -6.940962e+00 
                  -6.959439e+00 
                  -6.953479e+00 
                  -6.970764e+00 
                  -6.980301e+00 
-6.732941e+00 
-6.732941e+00 
-6.731153e+00 
-6.734730e+00 
-6.771088e+00 
-6.785394e+00 
                  -6.957651e+00 
                  -6.955267e+00 
                  -6.954671e+00 
                  -6.959439e+00 
                  -6.996990e+00 
                  -7.013679e+00 
-6.730557e+00 
-6.734730e+00 
-6.744266e+00 
-6.712676e+00 
-6.712676e+00 
                  -6.949902e+00 
                  -6.957055e+00 
                  -6.968976e+00 
                  -6.935001e+00 
                  -6.933809e+00 
-6.757379e+00 
-6.729365e+00 
-6.731153e+00 
-6.763936e+00 
-6.766320e+00 
-6.733538e+00 
                  -6.980897e+00 
                  -6.955267e+00 
                  -6.954075e+00 
                  -6.988645e+00 
                  -6.994010e+00 
                  -6.956459e+00 
-6.754399e+00 
-6.768704e+00 
-6.723405e+00 
-6.698371e+00 
-6.715060e+00 
-6.722809e+00 
                  -6.980301e+00 
                  -6.991030e+00 
                  -6.944538e+00 
                  -6.921292e+00 
                  -6.936193e+00 
                  -6.946326e+00 
-6.759764e+00 
-6.758571e+00 
-6.768108e+00 
-6.741882e+00 
-6.729961e+00 
                  -6.985069e+00 
                  -6.985069e+00 
                  -6.992222e+00 
                  -6.967784e+00 
                  -6.954671e+00 
-6.735326e+00 
-6.756783e+00 
-6.740094e+00 
-6.732345e+00 
-6.748439e+00 
-6.727577e+00 
                  -6.957055e+00 
                  -6.980897e+00 
                  -6.962419e+00 
                  -6.954075e+00 
                  -6.971956e+00 
                  -6.950498e+00 
-6.722213e+00 
-6.736518e+00 
-6.753207e+00 
-6.757975e+00 
-6.741882e+00 
-6.737710e+00 
                  -6.945134e+00 
                  -6.958247e+00 
                  -6.979705e+00 
                  -6.980897e+00 
                  -6.964804e+00 
                  -6.961227e+00 
-6.721617e+00 
-6.754995e+00 
-6.758571e+00 
-6.753207e+00 
-6.738902e+00 
                  -6.946326e+00 
                  -6.979109e+00 
                  -6.983877e+00 
                  -6.978513e+00 
                  -6.964208e+00 
-6.698371e+00 
-6.709100e+00 
-6.734134e+00 
-6.752015e+00 
-6.768704e+00 
-6.754399e+00 
-6.744862e+00 
                  -6.917716e+00 
                  -6.928445e+00 
                  -6.959439e+00 
                  -6.974936e+00 
                  -6.996990e+00 
                  -6.978513e+00 
                  -6.969572e+00 
-6.733538e+00 
-6.754995e+00 
-6.749035e+00 
-6.737114e+00 
-6.725789e+00 
-6.714464e+00 
                  -6.957651e+00 
                  -6.983281e+00 
                  -6.971360e+00 
                  -6.959439e+00 
                  -6.948114e+00 
                  -6.935597e+00 
-6.726981e+00 
-6.734134e+00 
-6.750823e+00 
-6.763340e+00 
-6.760956e+00 
-6.743074e+00 
-6.718040e+00 
                  -6.952287e+00 
                  -6.958247e+00 
                  -6.971360e+00 
                  -6.986857e+00 
                  -6.986857e+00 
                  -6.967188e+00 
                  -6.938578e+00 
-6.752611e+00 
-6.734730e+00 
-6.738306e+00 
-6.750227e+00 
-6.731749e+00 
-6.712676e+00 
-6.735326e+00 
-6.749631e+00 
                  -6.974936e+00 
                  -6.959439e+00 
                  -6.960035e+00 
                  -6.976128e+00 
                  -6.957651e+00 
                  -6.933809e+00 
                  -6.957651e+00 
                  -6.973148e+00 
-6.738902e+00 
-6.755591e+00 
-6.744862e+00 
-6.745458e+00 
-6.734134e+00 
                  -6.961823e+00 
                  -6.977321e+00 
                  -6.971956e+00 
                  -6.968976e+00 
                  -6.957651e+00 
-6.747247e+00 
-6.738902e+00 
-6.743670e+00 
-6.729365e+00 
-6.709696e+00 
-6.730557e+00 
-6.716848e+00 
                  -6.971360e+00 
                  -6.963611e+00 
                  -6.967784e+00 
                  -6.952287e+00 
                  -6.929041e+00 
                  -6.956459e+00 
                  -6.938578e+00 
-6.746054e+00 
-6.785990e+00 
-6.744862e+00 
-6.731749e+00 
-6.752015e+00 
                  -6.972552e+00 
                  -7.016660e+00 
                  -6.968976e+00 
                  -6.953479e+00 
                  -6.977917e+00 
-6.724597e+00 
-6.722213e+00 
-6.747843e+00 
-6.745458e+00 
-6.698967e+00 
-6.726981e+00 
                  -6.950498e+00 
                  -6.944538e+00 
                  -6.971360e+00 
                  -6.967784e+00 
                  -6.920100e+00 
                  -6.949306e+00 
-6.741286e+00 
-6.735326e+00 
-6.772877e+00 
-6.781817e+00 
-6.713868e+00 
-6.718040e+00 
                  -6.964804e+00 
                  -6.958843e+00 
                  -6.999374e+00 
                  -7.014275e+00 
                  -6.940962e+00 
                  -6.940962e+00 
-6.734730e+00 
-6.724597e+00 
-6.753207e+00 
-6.749035e+00 
-6.730557e+00 
-6.713272e+00 
                  -6.960035e+00 
                  -6.946922e+00 
                  -6.983877e+00 
                  -6.976128e+00 
                  -6.956459e+00 
                  -6.935001e+00 
-6.726385e+00 
-6.749631e+00 
-6.745458e+00 
-6.763340e+00 
-6.744266e+00 
-6.733538e+00 
                  -6.949902e+00 
                  -6.977917e+00 
                  -6.975532e+00 
                  -6.992222e+00 
                  -6.970764e+00 
                  -6.959439e+00 
-6.740094e+00 
-6.716252e+00 
-6.766320e+00 
-6.743074e+00 
-6.697179e+00 
-6.733538e+00 
                  -6.967784e+00 
                  -6.940962e+00 
                  -6.991626e+00 
                  -6.970764e+00 
                  -6.922484e+00 
                  -6.961823e+00 
-6.721617e+00 
-6.724001e+00 
-6.769300e+00 
-6.787182e+00 
-6.735922e+00 
                  -6.946922e+00 
                  -6.948114e+00 
                  -6.998182e+00 
                  -7.014871e+00 
                  -6.960631e+00 
-6.729365e+00 
-6.747247e+00 
-6.710292e+00 
-6.717444e+00 
-6.756783e+00 
-6.729961e+00 
                  -6.954075e+00 
                  -6.974340e+00 
                  -6.935597e+00 
                  -6.942750e+00 
                  -6.985069e+00 
                  -6.960035e+00 
-6.714464e+00 
-6.731153e+00 
-6.737114e+00 
-6.751419e+00 
-6.764532e+00 
-6.749035e+00 
-6.757975e+00 
                  -6.938578e+00 
                  -6.955267e+00 
                  -6.961227e+00 
                  -6.973744e+00 
                  -6.994606e+00 
                  -6.977917e+00 
                  -6.988049e+00 
-6.724001e+00 
-6.693602e+00 
-6.727577e+00 
-6.746651e+00 
-6.728769e+00 
-6.737710e+00 
-6.744862e+00 
                  -6.949902e+00 
                  -6.915332e+00 
                  -6.952883e+00 
                  -6.975532e+00 
                  -6.954075e+00 
                  -6.963611e+00 
                  -6.974936e+00 
-6.716252e+00 
-6.723405e+00 
-6.781817e+00 
-6.754399e+00 
-6.720424e+00 
-6.740690e+00 
                  -6.939770e+00 
                  -6.950498e+00 
                  -7.012487e+00 
                  -6.983877e+00 
                  -6.943942e+00 
                  -6.964208e+00 
-6.718636e+00 
-6.721617e+00 
-6.739498e+00 
-6.752611e+00 
-6.736518e+00 
-6.726385e+00 
-6.728173e+00 
                  -6.944538e+00 
                  -6.943942e+00 
                  -6.966592e+00 
                  -6.982089e+00 
                  -6.961227e+00 
                  -6.952883e+00 
                  -6.957055e+00 
-6.725193e+00 
-6.734134e+00 
-6.772281e+00 
-6.765128e+00 
-6.747843e+00 
-6.716252e+00 
                  -6.952883e+00 
                  -6.958247e+00 
                  -7.001162e+00 
                  -6.992818e+00 
                  -6.974340e+00 
                  -6.936789e+00 
-6.713272e+00 
-6.710888e+00 
-6.715060e+00 
-6.742478e+00 
-6.758571e+00 
-6.728769e+00 
                  -6.938578e+00 
                  -6.937385e+00 
                  -6.939174e+00 
                  -6.967188e+00 
                  -6.986261e+00 
                  -6.953479e+00 
-6.756187e+00 
-6.759764e+00 
-6.743074e+00 
-6.727577e+00 
                  -6.983281e+00 
                  -6.984473e+00 
                  -6.970764e+00 
                  -6.952883e+00 
-6.719828e+00 
-6.710292e+00 
-6.712080e+00 
-6.732345e+00 
-6.759764e+00 
                  -6.943346e+00 
                  -6.936193e+00 
                  -6.937981e+00 
                  -6.958843e+00 
                  -6.987453e+00 
-6.753803e+00 
-6.744266e+00 
-6.727577e+00 
-6.737710e+00 
-6.724597e+00 
                  -6.980301e+00 
                  -6.971360e+00 
                  -6.954075e+00 
                  -6.964804e+00 
                  -6.949902e+00 
-6.725193e+00 
-6.769896e+00 
-6.760956e+00 
-6.703735e+00 
-6.721617e+00 
-6.728769e+00 
                  -6.951691e+00 
                  -6.996394e+00 
                  -6.992222e+00 
                  -6.927253e+00 
                  -6.945134e+00 
                  -6.956459e+00 
-6.713868e+00 
-6.746054e+00 
-6.746054e+00 
-6.722213e+00 
-6.725193e+00 
-6.748439e+00 
                  -6.940366e+00 
                  -6.973148e+00 
                  -6.973744e+00 
                  -6.945134e+00 
                  -6.950498e+00 
                  -6.973744e+00 
-6.769300e+00 
-6.742478e+00 
-6.744266e+00 
-6.718040e+00 
-6.703139e+00 
-6.718040e+00 
-6.730557e+00 
                  -6.998182e+00 
                  -6.968976e+00 
                  -6.973148e+00 
                  -6.942154e+00 
                  -6.927253e+00 
                  -6.942750e+00 
                  -6.957651e+00 
-6.748439e+00 
-6.753803e+00 
-6.728173e+00 
-6.741882e+00 
-6.723405e+00 
-6.720424e+00 
                  -6.974340e+00 
                  -6.983877e+00 
                  -6.953479e+00 
                  -6.969572e+00 
                  -6.948114e+00 
                  -6.947518e+00 
-6.746054e+00 
-6.759168e+00 
-6.725193e+00 
-6.710292e+00 
-6.719232e+00 
-6.712676e+00 
                  -6.971360e+00 
                  -6.984473e+00 
                  -6.953479e+00 
                  -6.930233e+00 
                  -6.946922e+00 
                  -6.936789e+00 
-6.732941e+00 
-6.766320e+00 
-6.737114e+00 
-6.719828e+00 
-6.739498e+00 
-6.743074e+00 
                  -6.959439e+00 
                  -6.997586e+00 
                  -6.964208e+00 
                  -6.943346e+00 
                  -6.964208e+00 
                  -6.966592e+00 
-6.749631e+00 
-6.752611e+00 
-6.732941e+00 
-6.710888e+00 
-6.707311e+00 
-6.713272e+00 
                  -6.974936e+00 
                  -6.978513e+00 
                  -6.961227e+00 
                  -6.936193e+00 
                  -6.931425e+00 
                  -6.937385e+00 
-6.740690e+00 
-6.762744e+00 
-6.752611e+00 
-6.726385e+00 
-6.744862e+00 
-6.707311e+00 
                  -6.971360e+00 
                  -6.992222e+00 
                  -6.982685e+00 
                  -6.954075e+00 
                  -6.970764e+00 
                  -6.932617e+00 
-6.735326e+00 
-6.754399e+00 
-6.748439e+00 
-6.724597e+00 
-6.722809e+00 
-6.719828e+00 
                  -6.964804e+00 
                  -6.982089e+00 
                  -6.978513e+00 
                  -6.951691e+00 
                  -6.945134e+00 
                  -6.946326e+00 
-6.715656e+00 
-6.735922e+00 
-6.750823e+00 
-6.734134e+00 
-6.746054e+00 
-6.732941e+00 
                  -6.942154e+00 
                  -6.963015e+00 
                  -6.982685e+00 
                  -6.964208e+00 
                  -6.974340e+00 
                  -6.963015e+00 
-6.743670e+00 
-6.745458e+00 
-6.731749e+00 
-6.722809e+00 
-6.735326e+00 
-6.699563e+00 
                  -6.971360e+00 
                  -6.971360e+00 
                  -6.958247e+00 
                  -6.946326e+00 
                  -6.962419e+00 
                  -6.923080e+00 
-6.705523e+00 
-6.743074e+00 
-6.772877e+00 
-6.748439e+00 
-6.734134e+00 
-6.733538e+00 
                  -6.932021e+00 
                  -6.971360e+00 
                  -7.004143e+00 
                  -6.981493e+00 
                  -6.962419e+00 
                  -6.960035e+00 
-6.716252e+00 
-6.722213e+00 
-6.763936e+00 
-6.723405e+00 
-6.719828e+00 
-6.720424e+00 
                  -6.940962e+00 
                  -6.945730e+00 
                  -6.992222e+00 
                  -6.947518e+00 
                  -6.948114e+00 
                  -6.947518e+00 
-6.728769e+00 
-6.727577e+00 
-6.741286e+00 
-6.743670e+00 
-6.744862e+00 
-6.712080e+00 
                  -6.957651e+00 
                  -6.953479e+00 
                  -6.970168e+00 
                  -6.973148e+00 
                  -6.975532e+00 
                  -6.935597e+00 
-6.742478e+00 
-6.738306e+00 
-6.754399e+00 
-6.723405e+00 
-6.729365e+00 
-6.706715e+00 
-6.701947e+00 
                  -6.969572e+00 
                  -6.966592e+00 
                  -6.982089e+00 
                  -6.948710e+00 
                  -6.955267e+00 
                  -6.932617e+00 
                  -6.925465e+00 
-6.733538e+00 
-6.759168e+00 
-6.741882e+00 
-6.749035e+00 
-6.732345e+00 
                  -6.960035e+00 
                  -6.987453e+00 
                  -6.968380e+00 
                  -6.977321e+00 
                  -6.960035e+00 
-6.728173e+00 
-6.726385e+00 
-6.742478e+00 
-6.726981e+00 
-6.721617e+00 
-6.719828e+00 
                  -6.955863e+00 
                  -6.952287e+00 
                  -6.968976e+00 
                  -6.949902e+00 
                  -6.948710e+00 
                  -6.946922e+00 
-6.723405e+00 
-6.713868e+00 
-6.747247e+00 
-6.768704e+00 
-6.739498e+00 
                  -6.949306e+00 
                  -6.938578e+00 
                  -6.973744e+00 
                  -6.998778e+00 
                  -6.968976e+00 
-6.715656e+00 
-6.726385e+00 
-6.737114e+00 
-6.724001e+00 
-6.735326e+00 
-6.741882e+00 
                  -6.943942e+00 
                  -6.951691e+00 
                  -6.965400e+00 
                  -6.948710e+00 
                  -6.964208e+00 
                  -6.970764e+00 
-6.704927e+00 
-6.690026e+00 
-6.735922e+00 
-6.748439e+00 
-6.747843e+00 
-6.764532e+00 
                  -6.928445e+00 
                  -6.909967e+00 
                  -6.963015e+00 
                  -6.977321e+00 
                  -6.972552e+00 
                  -6.994010e+00 
-6.746054e+00 
-6.701947e+00 
-6.707311e+00 
-6.726385e+00 
-6.733538e+00 
                  -6.976725e+00 
                  -6.926657e+00 
                  -6.929637e+00 
                  -6.952883e+00 
                  -6.961227e+00 
-6.726981e+00 
-6.730557e+00 
-6.734730e+00 
-6.713868e+00 
-6.719828e+00 
                  -6.954671e+00 
                  -6.960631e+00 
                  -6.964208e+00 
                  -6.940366e+00 
                  -6.945134e+00 
-6.738306e+00 
-6.746054e+00 
-6.742478e+00 
-6.717444e+00 
-6.746054e+00 
                  -6.966592e+00 
                  -6.974936e+00 
                  -6.974340e+00 
                  -6.943346e+00 
                  -6.973148e+00 
-6.715060e+00 
-6.710292e+00 
-6.745458e+00 
-6.732941e+00 
-6.701351e+00 
                  -6.941558e+00 
                  -6.935001e+00 
                  -6.971360e+00 
                  -6.961227e+00 
                  -6.927849e+00 
-6.722809e+00 
-6.733538e+00 
-6.734134e+00 
-6.738902e+00 
-6.766916e+00 
-6.722213e+00 
                  -6.949902e+00 
                  -6.957651e+00 
                  -6.958247e+00 
                  -6.964208e+00 
                  -6.995798e+00 
                  -6.951095e+00 
-6.712676e+00 
-6.714464e+00 
-6.717444e+00 
-6.709696e+00 
-6.752611e+00 
-6.713272e+00 
-6.728173e+00 
                  -6.937981e+00 
                  -6.937981e+00 
                  -6.942154e+00 
                  -6.933213e+00 
                  -6.982089e+00 
                  -6.939770e+00 
                  -6.955863e+00 
-6.726385e+00 
-6.737710e+00 
-6.751419e+00 
-6.749035e+00 
-6.712676e+00 
-6.715656e+00 
                  -6.951691e+00 
                  -6.965400e+00 
                  -6.982089e+00 
                  -6.979109e+00 
                  -6.937981e+00 
                  -6.937981e+00 
-6.709100e+00 
-6.734134e+00 
-6.719828e+00 
-6.741882e+00 
-6.713868e+00 
-6.729365e+00 
                  -6.929637e+00 
                  -6.960035e+00 
                  -6.945134e+00 
                  -6.969572e+00 
                  -6.938578e+00 
                  -6.954075e+00 
-6.740094e+00 
-6.731749e+00 
-6.728769e+00 
-6.741882e+00 
-6.729365e+00 
                  -6.968976e+00 
                  -6.958843e+00 
                  -6.955863e+00 
                  -6.968976e+00 
                  -6.955267e+00 
-6.734730e+00 
-6.712080e+00 
-6.704927e+00 
-6.709696e+00 
-6.753207e+00 
                  -6.959439e+00 
                  -6.937385e+00 
                  -6.925465e+00 
                  -6.935001e+00 
                  -6.977917e+00 
-6.732345e+00 
-6.716252e+00 
-6.720424e+00 
-6.722213e+00 
-6.729365e+00 
                  -6.957651e+00 
                  -6.943346e+00 
                  -6.948114e+00 
                  -6.948114e+00 
                  -6.952883e+00 
-6.768108e+00 
-6.744862e+00 
-6.701947e+00 
-6.700755e+00 
-6.719828e+00 
-6.712080e+00 
                  -6.998778e+00 
                  -6.972552e+00 
                  -6.923676e+00 
                  -6.924272e+00 
                  -6.945730e+00 
                  -6.936789e+00 
-6.729961e+00 
-6.724597e+00 
-6.723405e+00 
-6.731749e+00 
-6.744862e+00 
-6.743670e+00 
                  -6.954075e+00 
                  -6.951691e+00 
                  -6.948710e+00 
                  -6.954671e+00 
                  -6.971360e+00 
                  -6.969572e+00 
-6.737114e+00 
-6.719232e+00 
-6.725789e+00 
-6.707311e+00 
-6.686450e+00 
                  -6.965400e+00 
                  -6.944538e+00 
                  -6.951691e+00 
                  -6.929041e+00 
                  -6.907583e+00 
-6.703139e+00 
-6.754399e+00 
-6.751419e+00 
-6.720424e+00 
-6.729365e+00 
-6.718636e+00 
                  -6.926061e+00 
                  -6.982089e+00 
                  -6.977321e+00 
                  -6.945730e+00 
                  -6.956459e+00 
                  -6.942750e+00 
-6.707311e+00 
-6.727577e+00 
-6.750823e+00 
-6.722213e+00 
-6.717444e+00 
-6.722809e+00 
                  -6.927849e+00 
                  -6.947518e+00 
                  -6.981493e+00 
                  -6.946922e+00 
                  -6.939770e+00 
                  -6.946922e+00 
-6.714464e+00 
-6.698967e+00 
-6.732345e+00 
-6.737114e+00 
-6.723405e+00 
                  -6.939174e+00 
                  -6.918908e+00 
                  -6.955863e+00 
                  -6.964208e+00 
                  -6.947518e+00 
-6.711484e+00 
-6.741882e+00 
-6.738902e+00 
-6.752611e+00 
-6.725193e+00 
                  -6.935001e+00 
                  -6.967784e+00 
                  -6.964804e+00 
                  -6.979109e+00 
                  -6.952883e+00 
-6.727577e+00 
-6.672741e+00 
-6.679297e+00 
-6.721617e+00 
-6.741286e+00 
-6.735326e+00 
                  -6.951691e+00 
                  -6.894470e+00 
                  -6.895662e+00 
                  -6.942750e+00 
                  -6.967188e+00 
                  -6.958843e+00 
-6.754399e+00 
-6.735326e+00 
-6.716848e+00 
-6.709696e+00 
-6.738902e+00 
-6.717444e+00 
                  -6.980301e+00 
                  -6.959439e+00 
                  -6.941558e+00 
                  -6.930829e+00 
                  -6.961227e+00 
                  -6.939770e+00 
-6.706119e+00 
-6.718040e+00 
-6.716252e+00 
-6.697179e+00 
-6.738902e+00 
                  -6.929041e+00 
                  -6.943346e+00 
                  -6.939174e+00 
                  -6.918908e+00 
                  -6.964208e+00 
-6.744266e+00 
-6.741286e+00 
-6.709100e+00 
-6.714464e+00 
-6.713272e+00 
-6.703735e+00 
                  -6.971360e+00 
                  -6.967188e+00 
                  -6.936193e+00 
                  -6.937981e+00 
                  -6.935597e+00 
                  -6.925465e+00 
-6.749631e+00 
-6.749631e+00 
-6.696583e+00 
-6.709696e+00 
-6.722213e+00 
-6.716848e+00 
                  -6.974340e+00 
                  -6.974340e+00 
                  -6.918908e+00 
                  -6.930233e+00 
                  -6.942154e+00 
                  -6.936789e+00 
-6.710888e+00 
-6.737114e+00 
-6.728173e+00 
-6.706119e+00 
-6.728769e+00 
-6.756187e+00 
-6.713272e+00 
                  -6.933213e+00 
                  -6.958843e+00 
                  -6.949902e+00 
                  -6.928445e+00 
                  -6.953479e+00 
                  -6.981493e+00 
                  -6.935001e+00 
-6.718040e+00 
-6.718636e+00 
-6.710888e+00 
-6.684662e+00 
-6.711484e+00 
                  -6.937385e+00 
                  -6.939770e+00 
                  -6.932021e+00 
                  -6.902219e+00 
                  -6.932021e+00 
-6.725789e+00 
-6.734730e+00 
-6.734730e+00 
-6.750227e+00 
-6.733538e+00 
                  -6.946922e+00 
                  -6.957651e+00 
                  -6.957651e+00 
                  -6.975532e+00 
                  -6.958843e+00 
-6.693006e+00 
-6.712676e+00 
-6.732941e+00 
-6.701351e+00 
-6.691814e+00 
-6.717444e+00 
                  -6.910563e+00 
                  -6.932617e+00 
                  -6.954671e+00 
                  -6.921888e+00 
                  -6.908775e+00 
                  -6.936789e+00 
-6.729961e+00 
-6.719828e+00 
-6.755591e+00 
-6.746651e+00 
-6.688238e+00 
                  -6.952287e+00 
                  -6.942154e+00 
                  -6.978513e+00 
                  -6.971956e+00 
                  -6.909967e+00 
-6.698371e+00 
-6.716252e+00 
-6.711484e+00 
-6.726385e+00 
-6.745458e+00 
                  -6.917716e+00 
                  -6.935597e+00 
                  -6.930233e+00 
                  -6.945134e+00 
                  -6.968976e+00 
-6.722213e+00 
-6.706119e+00 
-6.694794e+00 
-6.713272e+00 
-6.718040e+00 
-6.736518e+00 
                  -6.944538e+00 
                  -6.929637e+00 
                  -6.914140e+00 
                  -6.931425e+00 
                  -6.936789e+00 
                  -6.960035e+00 
-6.742478e+00 
-6.722809e+00 
-6.701947e+00 
-6.722213e+00 
-6.725789e+00 
-6.747247e+00 
                  -6.963015e+00 
                  -6.943942e+00 
                  -6.920100e+00 
                  -6.944538e+00 
                  -6.945730e+00 
                  -6.969572e+00 
-6.698967e+00 
-6.700159e+00 
-6.699563e+00 
-6.687046e+00 
-6.740690e+00 
-6.756783e+00 
                  -6.917716e+00 
                  -6.914736e+00 
                  -6.921888e+00 
                  -6.904603e+00 
                  -6.962419e+00 
                  -6.978513e+00 
-6.742478e+00 
-6.724597e+00 
-6.709696e+00 
-6.713868e+00 
-6.681681e+00 
-6.726981e+00 
                  -6.961227e+00 
                  -6.945134e+00 
                  -6.927253e+00 
                  -6.933809e+00 
                  -6.901623e+00 
                  -6.945730e+00 
-6.727577e+00 
-6.707311e+00 
-6.703735e+00 
-6.724001e+00 
-6.717444e+00 
-6.754399e+00 
                  -6.948710e+00 
                  -6.924272e+00 
                  -6.922484e+00 
                  -6.943942e+00 
                  -6.935597e+00 
                  -6.979109e+00 
-6.731749e+00 
-6.703139e+00 
-6.695987e+00 
-6.718040e+00 
-6.717444e+00 
-6.722809e+00 
                  -6.953479e+00 
                  -6.920100e+00 
                  -6.915332e+00 
                  -6.935001e+00 
                  -6.935597e+00 
                  -6.941558e+00 
-6.725789e+00 
-6.715656e+00 
-6.701947e+00 
-6.729365e+00 
-6.700159e+00 
                  -6.944538e+00 
                  -6.935597e+00 
                  -6.921292e+00 
                  -6.947518e+00 
                  -6.918312e+00 
-6.716252e+00 
-6.735922e+00 
-6.725193e+00 
-6.727577e+00 
-6.731749e+00 
                  -6.930829e+00 
                  -6.959439e+00 
                  -6.946922e+00 
                  -6.948710e+00 
                  -6.950498e+00 
-6.695391e+00 
-6.720424e+00 
-6.712676e+00 
-6.721617e+00 
-6.697179e+00 
-6.693006e+00 
-6.712080e+00 
                  -6.914140e+00 
                  -6.937981e+00 
                  -6.931425e+00 
                  -6.940366e+00 
                  -6.917716e+00 
                  -6.909967e+00 
                  -6.932617e+00 
-6.737114e+00 
-6.751419e+00 
-6.753207e+00 
-6.695987e+00 
-6.691814e+00 
-6.698967e+00 
                  -6.957651e+00 
                  -6.972552e+00 
                  -6.978513e+00 
                  -6.915332e+00 
                  -6.906987e+00 
                  -6.918908e+00 
-6.703735e+00 
-6.718636e+00 
-6.721021e+00 
-6.713868e+00 
                  -6.918908e+00 
                  -6.936789e+00 
                  -6.942750e+00 
                  -6.933809e+00 
-6.716252e+00 
-6.726385e+00 
-6.732941e+00 
-6.726385e+00 
-6.734730e+00 
-6.713272e+00 
-6.685258e+00 
                  -6.933213e+00 
                  -6.944538e+00 
                  -6.953479e+00 
                  -6.943346e+00 
                  -6.953479e+00 
                  -6.932021e+00 
                  -6.898642e+00 
-6.709100e+00 
-6.705523e+00 
-6.730557e+00 
-6.740094e+00 
-6.714464e+00 
                  -6.925465e+00 
                  -6.921292e+00 
                  -6.951095e+00 
                  -6.960035e+00 
                  -6.936193e+00 
-6.701351e+00 
-6.696583e+00 
-6.710292e+00 
-6.741882e+00 
-6.744862e+00 
-6.722213e+00 
                  -6.920100e+00 
                  -6.912948e+00 
                  -6.926657e+00 
                  -6.963611e+00 
                  -6.966592e+00 
                  -6.943942e+00 
-6.716848e+00 
-6.691814e+00 
-6.702543e+00 
-6.709696e+00 
-6.715656e+00 
                  -6.933809e+00 
                  -6.906391e+00 
                  -6.920696e+00 
                  -6.927253e+00 
                  -6.930829e+00 
-6.729365e+00 
-6.706119e+00 
-6.706119e+00 
-6.719828e+00 
-6.721617e+00 
-6.737114e+00 
                  -6.946326e+00 
                  -6.926061e+00 
                  -6.923080e+00 
                  -6.937981e+00 
                  -6.939174e+00 
                  -6.955863e+00 
-6.746651e+00 
-6.731153e+00 
-6.675125e+00 
-6.668568e+00 
-6.697775e+00 
-6.711484e+00 
-6.737114e+00 
                  -6.967784e+00 
                  -6.949902e+00 
                  -6.891490e+00 
                  -6.881953e+00 
                  -6.915332e+00 
                  -6.926657e+00 
                  -6.955863e+00 
-6.738306e+00 
-6.721021e+00 
-6.711484e+00 
-6.726385e+00 
-6.723405e+00 
                  -6.958247e+00 
                  -6.937981e+00 
                  -6.927849e+00 
                  -6.940366e+00 
                  -6.940962e+00 
-6.722213e+00 
-6.695987e+00 
-6.719232e+00 
-6.708504e+00 
                  -6.937981e+00 
                  -6.907583e+00 
                  -6.936193e+00 
                  -6.925465e+00 
-6.690622e+00 
-6.712676e+00 
-6.740094e+00 
-6.727577e+00 
-6.725193e+00 
                  -6.906987e+00 
                  -6.928445e+00 
                  -6.959439e+00 
                  -6.946326e+00 
                  -6.942750e+00 
-6.706119e+00 
-6.706119e+00 
-6.697179e+00 
-6.740690e+00 
-6.739498e+00 
                  -6.921292e+00 
                  -6.923080e+00 
                  -6.914736e+00 
                  -6.960035e+00 
                  -6.959439e+00 
-6.707908e+00 
-6.702543e+00 
-6.701351e+00 
-6.709696e+00 
-6.715656e+00 
-6.707311e+00 
                  -6.924868e+00 
                  -6.919504e+00 
                  -6.916524e+00 
                  -6.927253e+00 
                  -6.935001e+00 
                  -6.924272e+00 
-6.711484e+00 
-6.706119e+00 
-6.723405e+00 
-6.740094e+00 
-6.751419e+00 
-6.712080e+00 
                  -6.930829e+00 
                  -6.924272e+00 
                  -6.940366e+00 
                  -6.958843e+00 
                  -6.970168e+00 
                  -6.929041e+00 
-6.690622e+00 
-6.697179e+00 
-6.694198e+00 
-6.690622e+00 
-6.724001e+00 
-6.740690e+00 
                  -6.905795e+00 
                  -6.914140e+00 
                  -6.911159e+00 
                  -6.909371e+00 
                  -6.943942e+00 
                  -6.958843e+00 
-6.712080e+00 
-6.726385e+00 
-6.735326e+00 
-6.706715e+00 
                  -6.928445e+00 
                  -6.945134e+00 
                  -6.954671e+00 
                  -6.924272e+00 
-6.703735e+00 
-6.720424e+00 
-6.711484e+00 
-6.687046e+00 
-6.694198e+00 
-6.718040e+00 
                  -6.917716e+00 
                  -6.937981e+00 
                  -6.931425e+00 
                  -6.902219e+00 
                  -6.914736e+00 
                  -6.937981e+00 
-6.735922e+00 
-6.719232e+00 
-6.737114e+00 
-6.709100e+00 
-6.695987e+00 
                  -6.955863e+00 
                  -6.939174e+00 
                  -6.955863e+00 
                  -6.926061e+00 
                  -6.912948e+00 
-6.697179e+00 
-6.726981e+00 
-6.733538e+00 
-6.718040e+00 
-6.721021e+00 
-6.694198e+00 
                  -6.913544e+00 
                  -6.945134e+00 
                  -6.952287e+00 
                  -6.937385e+00 
                  -6.941558e+00 
                  -6.908775e+00 
-6.672145e+00 
-6.704927e+00 
-6.726981e+00 
-6.726385e+00 
-6.716848e+00 
                  -6.886721e+00 
                  -6.921292e+00 
                  -6.943942e+00 
                  -6.943942e+00 
                  -6.936789e+00 
-6.706715e+00 
-6.722809e+00 
-6.721617e+00 
-6.723405e+00 
-6.731153e+00 
                  -6.923080e+00 
                  -6.942154e+00 
                  -6.942750e+00 
                  -6.943346e+00 
                  -6.951095e+00 
-6.693602e+00 
-6.674529e+00 
-6.691814e+00 
-6.704927e+00 
-6.712080e+00 
                  -6.907583e+00 
                  -6.889106e+00 
                  -6.907583e+00 
                  -6.921888e+00 
                  -6.930233e+00 
-6.731749e+00 
-6.757379e+00 
-6.712080e+00 
-6.683470e+00 
-6.716252e+00 
-6.709100e+00 
                  -6.952883e+00 
                  -6.979109e+00 
                  -6.931425e+00 
                  -6.897450e+00 
                  -6.935001e+00 
                  -6.926061e+00 
-6.706119e+00 
-6.725193e+00 
-6.698967e+00 
-6.686450e+00 
-6.694794e+00 
-6.742478e+00 
                  -6.922484e+00 
                  -6.945134e+00 
                  -6.918312e+00 
                  -6.904603e+00 
                  -6.912351e+00 
                  -6.964804e+00 
-6.737114e+00 
-6.707908e+00 
-6.709696e+00 
-6.688834e+00 
-6.699563e+00 
-6.725789e+00 
                  -6.957651e+00 
                  -6.924272e+00 
                  -6.929637e+00 
                  -6.904603e+00 
                  -6.915928e+00 
                  -6.943346e+00 
-6.739498e+00 
-6.724597e+00 
-6.690026e+00 
-6.687046e+00 
-6.701351e+00 
-6.695987e+00 
                  -6.959439e+00 
                  -6.940962e+00 
                  -6.904603e+00 
                  -6.906391e+00 
                  -6.921888e+00 
                  -6.912351e+00 
-6.709100e+00 
-6.734134e+00 
-6.724597e+00 
-6.719828e+00 
-6.729365e+00 
                  -6.927253e+00 
                  -6.953479e+00 
                  -6.942750e+00 
                  -6.936193e+00 
                  -6.948114e+00 
-6.717444e+00 
-6.681085e+00 
-6.712080e+00 
-6.708504e+00 
-6.676317e+00 
-6.688238e+00 
                  -6.935001e+00 
                  -6.898046e+00 
                  -6.933213e+00 
                  -6.927253e+00 
                  -6.890894e+00 
                  -6.903411e+00 
-6.715060e+00 
-6.716252e+00 
-6.740094e+00 
-6.742478e+00 
-6.727577e+00 
-6.682874e+00 
                  -6.935597e+00 
                  -6.934405e+00 
                  -6.959439e+00 
                  -6.960035e+00 
                  -6.948114e+00 
                  -6.900431e+00 
-6.691814e+00 
-6.695987e+00 
-6.708504e+00 
-6.698967e+00 
-6.704927e+00 
-6.726981e+00 
                  -6.908775e+00 
                  -6.915332e+00 
                  -6.926657e+00 
                  -6.915332e+00 
                  -6.924272e+00 
                  -6.943346e+00 
-6.704927e+00 
-6.700159e+00 
-6.743670e+00 
-6.719232e+00 
-6.693602e+00 
-6.703735e+00 
                  -6.924272e+00 
                  -6.915928e+00 
                  -6.961823e+00 
                  -6.940366e+00 
                  -6.909967e+00 
                  -6.921888e+00 
-6.720424e+00 
-6.689430e+00 
-6.722809e+00 
-6.742478e+00 
-6.693006e+00 
-6.669761e+00 
                  -6.936193e+00 
                  -6.904603e+00 
                  -6.940366e+00 
                  -6.962419e+00 
                  -6.911755e+00 
                  -6.884337e+00 
-6.707908e+00 
-6.707311e+00 
-6.719232e+00 
-6.745458e+00 
-6.722213e+00 
-6.710292e+00 
                  -6.925465e+00 
                  -6.925465e+00 
                  -6.937385e+00 
                  -6.964804e+00 
                  -6.939174e+00 
                  -6.928445e+00 
-6.705523e+00 
-6.697179e+00 
-6.709696e+00 
-6.711484e+00 
-6.690622e+00 
-6.685854e+00 
                  -6.924272e+00 
                  -6.911755e+00 
                  -6.925465e+00 
                  -6.930233e+00 
                  -6.907583e+00 
                  -6.902219e+00 
-6.706715e+00 
-6.710292e+00 
-6.732941e+00 
-6.747843e+00 
-6.721617e+00 
-6.691814e+00 
                  -6.929041e+00 
                  -6.930829e+00 
                  -6.952883e+00 
                  -6.970764e+00 
                  -6.942750e+00 
                  -6.908775e+00 
-6.695391e+00 
-6.681085e+00 
-6.687642e+00 
-6.723405e+00 
-6.723405e+00 
-6.691814e+00 
                  -6.907583e+00 
                  -6.898642e+00 
                  -6.903411e+00 
                  -6.942750e+00 
                  -6.945730e+00 
                  -6.909967e+00 
-6.720424e+00 
-6.709696e+00 
-6.698371e+00 
-6.719828e+00 
-6.738306e+00 
-6.701351e+00 
                  -6.940366e+00 
                  -6.927849e+00 
                  -6.918908e+00 
                  -6.938578e+00 
                  -6.958247e+00 
                  -6.922484e+00 
-6.697179e+00 
-6.702543e+00 
-6.706715e+00 
-6.688238e+00 
-6.729365e+00 
-6.712080e+00 
                  -6.912351e+00 
                  -6.919504e+00 
                  -6.927253e+00 
                  -6.904007e+00 
                  -6.948114e+00 
                  -6.929041e+00 
-6.705523e+00 
-6.690026e+00 
-6.687046e+00 
-6.729365e+00 
-6.734730e+00 
-6.731153e+00 
-6.734134e+00 
                  -6.922484e+00 
                  -6.906987e+00 
                  -6.905795e+00 
                  -6.949306e+00 
                  -6.958247e+00 
                  -6.951691e+00 
                  -6.953479e+00 
-6.668568e+00 
-6.663800e+00 
-6.705523e+00 
-6.715656e+00 
-6.703735e+00 
-6.713272e+00 
                  -6.884933e+00 
                  -6.878377e+00 
                  -6.924868e+00 
                  -6.935001e+00 
                  -6.924272e+00 
                  -6.931425e+00 
-6.721021e+00 
-6.696583e+00 
-6.720424e+00 
-6.749035e+00 
-6.714464e+00 
-6.694198e+00 
                  -6.942154e+00 
                  -6.912948e+00 
                  -6.937981e+00 
                  -6.973148e+00 
                  -6.935001e+00 
                  -6.910563e+00 
-6.693602e+00 
-6.679297e+00 
-6.682874e+00 
-6.709100e+00 
-6.738902e+00 
-6.724597e+00 
                  -6.912351e+00 
                  -6.897450e+00 
                  -6.901027e+00 
                  -6.926657e+00 
                  -6.959439e+00 
                  -6.947518e+00 
-6.694794e+00 
-6.715656e+00 
-6.714464e+00 
-6.687642e+00 
-6.724001e+00 
-6.717444e+00 
                  -6.911755e+00 
                  -6.932617e+00 
                  -6.933809e+00 
                  -6.905199e+00 
                  -6.944538e+00 
                  -6.937981e+00 
-6.695987e+00 
-6.697775e+00 
-6.711484e+00 
-6.704331e+00 
-6.688238e+00 
-6.728769e+00 
-6.709100e+00 
                  -6.914736e+00 
                  -6.914736e+00 
                  -6.931425e+00 
                  -6.921888e+00 
                  -6.902815e+00 
                  -6.949306e+00 
                  -6.928445e+00 
-6.688238e+00 
-6.716252e+00 
-6.722213e+00 
-6.726981e+00 
                  -6.905795e+00 
                  -6.936789e+00 
                  -6.942154e+00 
                  -6.948710e+00 
-6.729961e+00 
-6.703735e+00 
-6.682874e+00 
-6.676317e+00 
-6.695391e+00 
-6.711484e+00 
                  -6.947518e+00 
                  -6.924272e+00 
                  -6.899835e+00 
                  -6.892086e+00 
                  -6.913544e+00 
                  -6.933213e+00 
-6.717444e+00 
-6.713868e+00 
-6.710888e+00 
-6.728173e+00 
-6.708504e+00 
-6.716252e+00 
-6.721021e+00 
                  -6.937981e+00 
                  -6.935597e+00 
                  -6.933809e+00 
                  -6.952883e+00 
                  -6.929041e+00 
                  -6.933809e+00 
                  -6.942750e+00 
-6.701351e+00 
-6.654263e+00 
-6.701351e+00 
-6.693006e+00 
-6.703735e+00 
-6.749035e+00 
                  -6.921292e+00 
                  -6.867052e+00 
                  -6.922484e+00 
                  -6.914140e+00 
                  -6.920696e+00 
                  -6.971360e+00 
-6.749035e+00 
-6.684066e+00 
-6.684066e+00 
-6.704927e+00 
-6.715060e+00 
-6.719828e+00 
-6.733538e+00 
                  -6.973148e+00 
                  -6.901623e+00 
                  -6.899835e+00 
                  -6.927849e+00 
                  -6.936789e+00 
                  -6.942154e+00 
                  -6.957651e+00 
-6.676913e+00 
-6.681085e+00 
-6.688238e+00 
-6.719232e+00 
-6.734730e+00 
-6.722809e+00 
                  -6.898046e+00 
                  -6.898046e+00 
                  -6.908179e+00 
                  -6.939174e+00 
                  -6.958843e+00 
                  -6.942154e+00 
-6.688238e+00 
-6.706119e+00 
-6.701351e+00 
-6.707908e+00 
-6.747247e+00 
-6.724597e+00 
                  -6.907583e+00 
                  -6.925465e+00 
                  -6.921292e+00 
                  -6.927849e+00 
                  -6.971956e+00 
                  -6.948114e+00 
-6.668568e+00 
-6.688834e+00 
-6.698371e+00 
-6.686450e+00 
-6.703735e+00 
-6.743074e+00 
                  -6.885529e+00 
                  -6.904603e+00 
                  -6.916524e+00 
                  -6.903411e+00 
                  -6.921888e+00 
                  -6.967784e+00 
-6.718636e+00 
-6.703139e+00 
-6.718636e+00 
-6.721021e+00 
-6.704927e+00 
-6.714464e+00 
                  -6.937981e+00 
                  -6.924272e+00 
                  -6.942154e+00 
                  -6.943346e+00 
                  -6.923080e+00 
                  -6.937385e+00 
-6.675125e+00 
-6.691814e+00 
-6.690622e+00 
-6.706119e+00 
-6.718636e+00 
-6.735922e+00 
-6.721021e+00 
                  -6.897450e+00 
                  -6.914736e+00 
                  -6.908179e+00 
                  -6.927849e+00 
                  -6.938578e+00 
                  -6.958247e+00 
                  -6.938578e+00 
-6.726385e+00 
-6.702543e+00 
-6.687642e+00 
-6.688238e+00 
-6.728173e+00 
-6.694198e+00 
                  -6.946922e+00 
                  -6.929041e+00 
                  -6.905199e+00 
                  -6.912351e+00 
                  -6.952883e+00 
                  -6.916524e+00 
-6.696583e+00 
-6.723405e+00 
-6.699563e+00 
-6.696583e+00 
-6.731749e+00 
                  -6.912948e+00 
                  -6.943346e+00 
                  -6.917716e+00 
                  -6.912351e+00 
                  -6.953479e+00 
-6.718636e+00 
-6.707311e+00 
-6.698371e+00 
-6.698371e+00 
-6.704927e+00 
-6.700159e+00 
-6.731153e+00 
                  -6.940366e+00 
                  -6.927849e+00 
                  -6.917716e+00 
                  -6.917120e+00 
                  -6.928445e+00 
                  -6.923080e+00 
                  -6.954671e+00 
-6.713272e+00 
-6.684662e+00 
-6.667376e+00 
-6.694794e+00 
-6.724001e+00 
                  -6.933809e+00 
                  -6.905795e+00 
                  -6.885529e+00 
                  -6.912351e+00 
                  -6.944538e+00 
-6.735326e+00 
-6.733538e+00 
-6.721021e+00 
-6.682874e+00 
-6.698371e+00 
-6.713272e+00 
                  -6.958843e+00 
                  -6.958843e+00 
                  -6.943346e+00 
                  -6.900431e+00 
                  -6.915332e+00 
                  -6.933809e+00 
-6.708504e+00 
-6.700755e+00 
-6.695391e+00 
-6.667376e+00 
-6.700159e+00 
-6.731153e+00 
                  -6.928445e+00 
                  -6.921292e+00 
                  -6.918312e+00 
                  -6.885529e+00 
                  -6.921292e+00 
                  -6.953479e+00 
-6.759764e+00 
-6.723405e+00 
-6.698371e+00 
-6.688238e+00 
-6.685258e+00 
-6.690622e+00 
                  -6.983877e+00 
                  -6.946326e+00 
                  -6.918908e+00 
                  -6.906391e+00 
                  -6.905795e+00 
                  -6.911159e+00 
-6.722213e+00 
-6.719232e+00 
-6.693602e+00 
-6.673933e+00 
-6.728769e+00 
-6.709696e+00 
                  -6.944538e+00 
                  -6.941558e+00 
                  -6.915928e+00 
                  -6.890298e+00 
                  -6.951095e+00 
                  -6.930829e+00 
-6.704927e+00 
-6.724597e+00 
-6.722809e+00 
-6.679297e+00 
-6.697775e+00 
-6.711484e+00 
-6.712080e+00 
                  -6.932021e+00 
                  -6.952883e+00 
                  -6.945730e+00 
                  -6.902219e+00 
                  -6.920696e+00 
                  -6.933213e+00 
                  -6.930829e+00 
-6.698967e+00 
-6.722213e+00 
-6.685258e+00 
-6.681681e+00 
-6.700159e+00 
-6.733538e+00 
                  -6.918908e+00 
                  -6.944538e+00 
                  -6.904007e+00 
                  -6.903411e+00 
                  -6.921292e+00 
                  -6.957651e+00 
-6.708504e+00 
-6.736518e+00 
-6.706119e+00 
-6.707311e+00 
-6.684662e+00 
-6.695987e+00 
                  -6.929041e+00 
                  -6.959439e+00 
                  -6.931425e+00 
                  -6.928445e+00 
                  -6.903411e+00 
                  -6.917120e+00 
-6.703735e+00 
-6.710888e+00 
-6.681085e+00 
-6.695987e+00 
-6.712676e+00 
-6.719828e+00 
                  -6.925465e+00 
                  -6.937385e+00 
                  -6.901623e+00 
                  -6.916524e+00 
                  -6.933809e+00 
                  -6.940962e+00 
-6.729961e+00 
-6.750823e+00 
-6.694198e+00 
-6.691218e+00 
-6.687642e+00 
-6.674529e+00 
                  -6.955863e+00 
                  -6.976128e+00 
                  -6.915928e+00 
                  -6.912351e+00 
                  -6.910563e+00 
                  -6.896258e+00 
-6.689430e+00 
-6.741882e+00 
-6.706715e+00 
-6.688238e+00 
-6.719232e+00 
-6.716848e+00 
                  -6.910563e+00 
                  -6.964208e+00 
                  -6.932021e+00 
                  -6.911159e+00 
                  -6.942154e+00 
                  -6.937385e+00 
-6.712676e+00 
-6.726385e+00 
-6.705523e+00 
-6.682874e+00 
-6.684662e+00 
-6.710888e+00 
                  -6.937385e+00 
                  -6.949306e+00 
                  -6.926657e+00 
                  -6.904603e+00 
                  -6.906987e+00 
                  -6.933809e+00 
-6.715656e+00 
-6.726385e+00 
-6.693602e+00 
-6.691814e+00 
-6.697775e+00 
-6.672741e+00 
                  -6.939770e+00 
                  -6.950498e+00 
                  -6.917120e+00 
                  -6.912351e+00 
                  -6.920696e+00 
                  -6.893874e+00 
-6.716848e+00 
-6.760360e+00 
-6.709696e+00 
-6.694794e+00 
-6.725789e+00 
-6.681681e+00 
-6.667972e+00 
                  -6.939770e+00 
                  -6.988049e+00 
                  -6.936193e+00 
                  -6.914140e+00 
                  -6.954075e+00 
                  -6.907583e+00 
                  -6.889702e+00 
-6.714464e+00 
-6.712080e+00 
-6.663800e+00 
-6.703139e+00 
-6.736518e+00 
-6.726981e+00 
                  -6.939770e+00 
                  -6.938578e+00 
                  -6.882549e+00 
                  -6.924868e+00 
                  -6.960631e+00 
                  -6.952287e+00 
-6.721617e+00 
-6.733538e+00 
-6.704331e+00 
-6.688238e+00 
-6.663800e+00 
-6.676913e+00 
                  -6.945134e+00 
                  -6.960035e+00 
                  -6.924272e+00 
                  -6.909967e+00 
                  -6.880761e+00 
                  -6.898046e+00 
-6.722213e+00 
-6.721617e+00 
-6.722213e+00 
-6.740690e+00 
-6.693006e+00 
-6.679297e+00 
                  -6.948710e+00 
                  -6.946922e+00 
                  -6.944538e+00 
                  -6.966592e+00 
                  -6.914140e+00 
                  -6.899238e+00 
-6.710888e+00 
-6.735922e+00 
-6.692410e+00 
-6.713868e+00 
-6.693602e+00 
                  -6.933213e+00 
                  -6.962419e+00 
                  -6.914736e+00 
                  -6.940366e+00 
                  -6.919504e+00 
-6.671549e+00 
-6.703139e+00 
-6.737114e+00 
-6.701947e+00 
-6.708504e+00 
-6.693006e+00 
                  -6.890298e+00 
                  -6.926061e+00 
                  -6.964208e+00 
                  -6.926061e+00 
                  -6.932021e+00 
                  -6.914140e+00 
-6.701351e+00 
-6.717444e+00 
-6.752015e+00 
-6.705523e+00 
-6.701947e+00 
-6.678701e+00 
                  -6.924272e+00 
                  -6.939770e+00 
                  -6.979109e+00 
                  -6.927849e+00 
                  -6.923676e+00 
                  -6.900431e+00 
-6.676317e+00 
-6.688834e+00 
-6.726385e+00 
-6.707908e+00 
-6.721021e+00 
-6.710888e+00 
-6.700159e+00 
                  -6.894470e+00 
                  -6.911159e+00 
                  -6.950498e+00 
                  -6.933213e+00 
                  -6.946326e+00 
                  -6.936789e+00 
                  -6.926061e+00 
-6.715656e+00 
-6.725193e+00 
-6.707311e+00 
-6.695391e+00 
-6.676317e+00 
-6.683470e+00 
                  -6.940366e+00 
                  -6.952883e+00 
                  -6.931425e+00 
                  -6.916524e+00 
                  -6.897450e+00 
                  -6.904603e+00 
-6.697179e+00 
-6.726385e+00 
-6.714464e+00 
-6.725789e+00 
-6.711484e+00 
                  -6.920696e+00 
                  -6.952287e+00 
                  -6.937385e+00 
                  -6.950498e+00 
                  -6.942750e+00 
-5.592704e+00 
-2.081990e+00 
-8.261205e-01 
-4.625321e-01 
-3.039837e-01 
                  -6.047488e+00 
                  -2.961159e+00 
                  -1.351834e+00 
                  -7.873775e-01 
                  -5.233288e-01 
-2.104044e-01 
-1.525879e-01 
-1.138449e-01 
-8.821488e-02 
-6.854535e-02 
                  -3.755093e-01 
                  -2.878905e-01 
                  -2.348423e-01 
                  -2.008677e-01 
                  -1.770258e-01 
-5.304814e-02 
-4.410744e-02 
-3.516674e-02 
-3.039837e-02 
-2.503395e-02 
-1.966954e-02 
                  -1.567602e-01 
                  -1.454354e-01 
                  -1.370907e-01 
                  -1.293421e-01 
                  -1.215935e-01 
                  -1.156330e-01 
-1.549721e-02 
-1.490116e-02 
-9.536744e-03 
-7.748605e-03 
-9.536744e-03 
-8.344651e-03 
                  -1.108647e-01 
                  -1.102686e-01 
                  -1.060963e-01 
                  -1.031160e-01 
                  -1.013279e-01 
                  -9.953977e-02 
-5.364419e-03 
-2.384186e-03 
-1.192093e-03 
-2.980233e-03 
-1.192093e-03 
5.960465e-04 
                  -9.834768e-02 
                  -9.655954e-02 
                  -9.477140e-02 
                  -9.536744e-02 
                  -9.536744e-02 
                  -9.298326e-02 
0 
0 
-1.788140e-03 
1.192093e-03 
5.960465e-04 
1.788140e-03 
                  -9.119512e-02 
                  -9.179116e-02 
                  -9.179116e-02 
                  -9.059907e-02 
                  -9.000302e-02 
                  -8.940698e-02 
3.576279e-03 
1.788140e-03 
1.788140e-03 
2.384186e-03 
4.172326e-03 
0 
                  -8.881093e-02 
                  -8.940698e-02 
                  -9.059907e-02 
                  -8.881093e-02 
                  -9.000302e-02 
                  -8.881093e-02 
2.980233e-03 
1.192093e-03 
3.576279e-03 
4.768372e-03 
4.768372e-03 
4.768372e-03 
                  -8.940698e-02 
                  -8.821488e-02 
                  -8.761884e-02 
                  -8.821488e-02 
                  -8.821488e-02 
                  -8.761884e-02 
2.384186e-03 
1.192093e-03 
2.384186e-03 
2.980233e-03 
2.980233e-03 
3.576279e-03 
                  -8.761884e-02 
                  -8.821488e-02 
                  -8.702279e-02 
                  -8.642675e-02 
                  -8.702279e-02 
                  -8.761884e-02 
1.788140e-03 
1.192093e-03 
2.980233e-03 
3.576279e-03 
4.768372e-03 
2.384186e-03 
                  -8.702279e-02 
                  -8.761884e-02 
                  -8.821488e-02 
                  -8.761884e-02 
                  -8.761884e-02 
                  -8.761884e-02 
2.980233e-03 
4.172326e-03 
4.172326e-03 
5.364419e-03 
2.384186e-03 
2.980233e-03 
                  -8.761884e-02 
                  -8.583070e-02 
                  -8.642675e-02 
                  -8.761884e-02 
                  -8.463861e-02 
                  -8.583070e-02 
2.384186e-03 
2.384186e-03 
4.768372e-03 
3.576279e-03 
2.980233e-03 
                  -8.463861e-02 
                  -8.761884e-02 
                  -8.463861e-02 
                  -8.702279e-02 
                  -8.463861e-02 
1.788140e-03 
2.384186e-03 
4.172326e-03 
4.768372e-03 
4.172326e-03 
                  -8.642675e-02 
                  -8.583070e-02 
                  -8.523465e-02 
                  -8.642675e-02 
                  -8.642675e-02 
5.960465e-04 
2.384186e-03 
5.960465e-03 
4.768372e-03 
4.768372e-03 
                  -8.523465e-02 
                  -8.761884e-02 
                  -8.821488e-02 
                  -8.523465e-02 
                  -8.583070e-02 
4.172326e-03 
3.576279e-03 
4.172326e-03 
2.980233e-03 
4.768372e-03 
4.768372e-03 
                  -8.642675e-02 
                  -8.702279e-02 
                  -8.523465e-02 
                  -8.523465e-02 
                  -8.761884e-02 
                  -8.702279e-02 
2.980233e-03 
3.576279e-03 
2.980233e-03 
2.980233e-03 
3.576279e-03 
5.364419e-03 
3.576279e-03 
                  -8.702279e-02 
                  -8.523465e-02 
                  -8.642675e-02 
                  -8.523465e-02 
                  -8.463861e-02 
                  -8.642675e-02 
                  -8.642675e-02 
2.384186e-03 
3.576279e-03 
5.960465e-03 
5.364419e-03 
4.172326e-03 
5.364419e-03 
                  -8.583070e-02 
                  -8.583070e-02 
                  -8.702279e-02 
                  -8.702279e-02 
                  -8.761884e-02 
                  -8.761884e-02 
2.980233e-03 
4.768372e-03 
3.576279e-03 
5.364419e-03 
1.788140e-03 
5.364419e-03 
3.576279e-03 
                  -8.642675e-02 
                  -8.761884e-02 
                  -8.523465e-02 
                  -8.642675e-02 
                  -8.702279e-02 
                  -8.642675e-02 
                  -8.583070e-02 
4.172326e-03 
3.576279e-03 
3.576279e-03 
4.172326e-03 
3.576279e-03 
                  -8.702279e-02 
                  -8.583070e-02 
                  -8.702279e-02 
                  -8.463861e-02 
                  -8.583070e-02 
4.172326e-03 
2.980233e-03 
3.576279e-03 
6.556512e-03 
5.364419e-03 
5.364419e-03 
                  -8.583070e-02 
                  -8.523465e-02 
                  -8.761884e-02 
                  -8.761884e-02 
                  -8.821488e-02 
                  -8.463861e-02 
2.980233e-03 
1.788140e-03 
2.980233e-03 
4.768372e-03 
4.172326e-03 
                  -8.583070e-02 
                  -8.642675e-02 
                  -8.583070e-02 
                  -8.642675e-02 
                  -8.642675e-02 
4.172326e-03 
2.980233e-03 
3.576279e-03 
3.576279e-03 
5.960465e-03 
                  -8.583070e-02 
                  -8.642675e-02 
                  -8.642675e-02 
                  -8.642675e-02 
                  -8.642675e-02 
4.172326e-03 
1.788140e-03 
2.384186e-03 
2.980233e-03 
                  -8.583070e-02 
                  -8.642675e-02 
                  -8.583070e-02 
                  -8.583070e-02 
4.768372e-03 
3.576279e-03 
3.576279e-03 
3.576279e-03 
2.980233e-03 
4.172326e-03 
                  -8.463861e-02 
                  -8.463861e-02 
                  -8.583070e-02 
                  -8.583070e-02 
                  -8.642675e-02 
                  -8.702279e-02 
2.384186e-03 
2.980233e-03 
3.576279e-03 
2.980233e-03 
                  -8.702279e-02 
                  -8.463861e-02 
                  -8.642675e-02 
                  -8.642675e-02 
5.960465e-03 
3.576279e-03 
4.768372e-03 
4.768372e-03 
2.384186e-03 
1.788140e-03 
2.980233e-03 
                  -8.642675e-02 
                  -8.523465e-02 
                  -8.642675e-02 
                  -8.642675e-02 
                  -8.821488e-02 
                  -8.642675e-02 
                  -8.463861e-02 
2.980233e-03 
4.768372e-03 
2.980233e-03 
2.384186e-03 
2.980233e-03 
5.364419e-03 
                  -8.642675e-02 
                  -8.523465e-02 
                  -8.702279e-02 
                  -8.821488e-02 
                  -8.642675e-02 
                  -8.404256e-02 
3.576279e-03 
5.960465e-03 
5.364419e-03 
2.980233e-03 
3.576279e-03 
2.384186e-03 
4.768372e-03 
                  -8.642675e-02 
                  -8.523465e-02 
                  -8.463861e-02 
                  -8.523465e-02 
                  -8.642675e-02 
                  -8.702279e-02 
                  -8.642675e-02 
4.768372e-03 
4.768372e-03 
4.768372e-03 
5.364419e-03 
5.960465e-04 
3.576279e-03 
                  -8.702279e-02 
                  -8.583070e-02 
                  -8.702279e-02 
                  -8.642675e-02 
                  -8.642675e-02 
                  -8.583070e-02 
5.960465e-03 
3.576279e-03 
1.788140e-03 
3.576279e-03 
3.576279e-03 
                  -8.583070e-02 
                  -8.523465e-02 
                  -8.702279e-02 
                  -8.702279e-02 
                  -8.702279e-02 
4.172326e-03 
4.172326e-03 
4.768372e-03 
3.576279e-03 
5.960465e-04 
2.980233e-03 
                  -8.523465e-02 
                  -8.642675e-02 
                  -8.583070e-02 
                  -8.583070e-02 
                  -8.523465e-02 
                  -8.642675e-02 
4.172326e-03 
4.768372e-03 
2.980233e-03 
2.980233e-03 
3.576279e-03 
1.788140e-03 
                  -8.642675e-02 
                  -8.583070e-02 
                  -8.463861e-02 
                  -8.523465e-02 
                  -8.463861e-02 
                  -8.463861e-02 
5.364419e-03 
4.172326e-03 
3.576279e-03 
5.960465e-04 
2.980233e-03 
                  -8.463861e-02 
                  -8.523465e-02 
                  -8.583070e-02 
                  -8.583070e-02 
                  -8.523465e-02 
4.172326e-03 
2.980233e-03 
2.384186e-03 
2.980233e-03 
2.980233e-03 
                  -8.523465e-02 
                  -8.523465e-02 
                  -8.702279e-02 
                  -8.463861e-02 
                  -8.583070e-02 
3.576279e-03 
4.768372e-03 
4.172326e-03 
4.768372e-03 
3.576279e-03 
3.576279e-03 
2.980233e-03 
                  -8.761884e-02 
                  -8.583070e-02 
                  -8.583070e-02 
                  -8.463861e-02 
                  -8.404256e-02 
                  -8.583070e-02 
                  -8.523465e-02 
5.960465e-03 
5.364419e-03 
4.172326e-03 
4.172326e-03 
                  -8.463861e-02 
                  -8.463861e-02 
                  -8.463861e-02 
                  -8.583070e-02 
2.384186e-03 
2.980233e-03 
5.960465e-03 
5.960465e-03 
5.960465e-03 
4.768372e-03 
3.576279e-03 
                  -8.523465e-02 
                  -8.463861e-02 
                  -8.583070e-02 
                  -8.583070e-02 
                  -8.463861e-02 
                  -8.404256e-02 
                  -8.523465e-02 
1.788140e-03 
6.556512e-03 
4.768372e-03 
3.576279e-03 
1.788140e-03 
3.576279e-03 
2.384186e-03 
                  -8.463861e-02 
                  -8.702279e-02 
                  -8.523465e-02 
                  -8.583070e-02 
                  -8.463861e-02 
                  -8.642675e-02 
                  -8.642675e-02 
5.960465e-03 
4.172326e-03 
5.364419e-03 
3.576279e-03 
4.768372e-03 
5.364419e-03 
                  -8.523465e-02 
                  -8.642675e-02 
                  -8.642675e-02 
                  -8.583070e-02 
                  -8.702279e-02 
                  -8.583070e-02 
